Time,Open,High,Low,Last,Change,%Chg,Volume,Strike
03/06/2023,143.35,145.435,134.71,135.72,-8.21,-5.70%,1320500,0
02/27/2023,142.88,144.44,136.08,143.93,2.73,+1.93%,1930380,0
02/20/2023,146.6,146.65,138.72,141.2,-7.06,-4.76%,1604625,0
02/13/2023,153.27,155.7499,146.49,148.26,-4.29,-2.81%,1019880,0
02/06/2023,152.73,156.3204,151.07,152.55,-2,-1.29%,951660,0
01/30/2023,154.5,157.31,150.21,154.55,-1.14,-0.73%,1522900,0
01/23/2023,156,159.59,152.83,155.69,-0.23,-0.15%,850960,0
01/16/2023,156.68,158.16,152.14,155.92,-1,-0.64%,1278450,0
01/09/2023,149.69,158.6,147.198,156.92,9.25,+6.26%,1161560,0
01/02/2023,151.96,154.64,143.01,147.67,-1.98,-1.32%,1705275,0
12/26/2022,149.23,151.9,147.3,149.65,0.42,+0.28%,804450,0
12/19/2022,148.91,150.27,145.88,149.23,-0.07,-0.05%,1203920,0
12/12/2022,154.01,160.265,147.905,149.3,-3.65,-2.39%,1574100,0
12/05/2022,153.84,156.99,149.91,152.95,-2.72,-1.75%,1123600,0
11/28/2022,155.87,156.99,149.1,155.67,-1.29,-0.82%,1552800,0
11/21/2022,145.62,157.44,144.43,156.96,10.77,+7.37%,1822825,0
11/14/2022,149.01,149.71,142.16,146.19,-2.12,-1.43%,1346240,0
11/07/2022,136.85,149.74,135.56,148.31,12.23,+8.99%,1206440,0
10/31/2022,137.69,141.35,130.66,136.08,-2.69,-1.94%,1353580,0
10/24/2022,131.13,139.31,129.805,138.77,8.89,+6.84%,1093140,0
10/17/2022,127.38,134.675,124.82,129.88,4.18,+3.33%,1246840,0
10/10/2022,128.05,130.22,122.35,125.7,-1.74,-1.37%,1414320,0
10/03/2022,122.73,133.82,121.68,127.44,5.89,+4.85%,1386280,0
09/26/2022,123.18,125.125,120.6,121.55,-1.93,-1.56%,1414300,0
09/19/2022,128.79,130.79,121.44,123.48,-6.41,-4.93%,1260040,0
09/12/2022,137.53,140,128.28,129.89,-7.74,-5.62%,1752400,0
09/05/2022,129.38,137.92,127.72,137.63,9.62,+7.52%,1642100,0
08/29/2022,128.43,130.27,126.21,128.01,-1.86,-1.43%,1513420,0
08/22/2022,135.3,136.08,129.78,129.87,-7.75,-5.63%,1136200,0
08/15/2022,133.28,149,131.66,137.62,4.07,+3.05%,2085740,0
08/08/2022,134.2,135.13,128.02,133.55,-0.06,-0.04%,1040380,0
08/01/2022,133.51,135.26,131.09,133.61,-0.49,-0.37%,1232980,0
07/25/2022,125.05,134.5,123.19,134.1,9.06,+7.25%,1555212,0
07/18/2022,118.95,128.5399,114.46,125.04,6.21,+5.23%,1310680,0
07/11/2022,121.61,123.46,113.02,118.83,-3.68,-3.00%,1239160,0
07/04/2022,117.75,123.22,116.49,122.51,3.3,+2.77%,1403925,0
06/27/2022,121.83,122.295,116,119.21,-2.08,-1.71%,1373960,0
06/20/2022,114.41,121.35,112.52,121.29,8.58,+7.61%,2438825,0
06/13/2022,116.48,117.77,112.67,112.71,-7.86,-6.52%,1777780,0
06/06/2022,129.38,131.2,119.9,120.57,-7.92,-6.16%,1158020,0
05/30/2022,128.91,130.07,122.3,128.49,-2.06,-1.58%,2081925,0
05/23/2022,126.45,130.77,119.18,130.55,5.42,+4.33%,2443220,0
05/16/2022,119.63,125.58,118.83,125.13,5.75,+4.82%,2093660,0
05/09/2022,119.13,120.715,112.64,119.38,-1.7,-1.40%,1655360,0
05/02/2022,118.38,126.69,116.49,121.08,1.81,+1.52%,2237360,0
04/25/2022,119.53,123.89,117.24,119.27,-2.05,-1.69%,2519460,0
04/18/2022,126.44,131.03,121.15,121.32,-5.12,-4.05%,1865600,0
04/11/2022,133.22,133.8788,124.91,126.44,-8.43,-6.25%,2765525,0
04/04/2022,133.86,137.08,129.86,134.87,0.9,+0.67%,1892320,0
03/28/2022,136.25,139.32,131.86,133.97,-1.74,-1.28%,1825900,0
03/21/2022,137.63,140.1997,133.4482,135.71,-3.41,-2.45%,1470100,0
03/14/2022,131,139.393,126.9,139.12,8.81,+6.76%,1798760,0
03/07/2022,133.55,136.44,127.54,130.31,-3.58,-2.67%,2061240,0
02/28/2022,132.03,138,129.155,133.89,0.16,+0.12%,3006820,0
02/21/2022,130.87,134.37,123.06,133.73,1.68,+1.27%,3392000,0
02/14/2022,136.96,138.06,129.71,132.05,-5.15,-3.75%,2790540,0
02/07/2022,141.5,145.1,136.24,137.2,-3.92,-2.78%,1312380,0
01/31/2022,137.32,144.76,136.9729,141.12,4.06,+2.96%,1367200,0
01/24/2022,136.38,138.49,131.215,137.06,-0.45,-0.33%,1950120,0
01/17/2022,142.42,143.6,137.49,137.51,-7.17,-4.96%,1779850,0
01/10/2022,143.29,150.39,140.86,144.68,-0.47,-0.32%,2192040,0
01/03/2022,159,159.44,145.09,145.15,-14.5,-9.08%,2113500,0
12/27/2021,158.82,162.62,157.185,159.65,1.85,+1.17%,927080,0
12/20/2021,150.76,158.86,148.54,157.8,6.38,+4.21%,1710650,0
12/13/2021,157.34,157.9,148.04,151.42,-4.84,-3.10%,2010400,0
12/06/2021,149.34,158,147.78,156.26,6.93,+4.64%,1490700,0
11/29/2021,153.06,155.71,147.72,149.33,-2.74,-1.80%,2072500,0
11/22/2021,165,165.68,151.09,152.07,-12.23,-7.44%,2294400,0
11/15/2021,161.25,165.07,156.96,164.3,3.42,+2.13%,1278720,0
11/08/2021,157,162.23,156.06,160.88,4.47,+2.86%,1192200,0
11/01/2021,157.38,158.93,152.43,156.41,-1.08,-0.69%,1418200,0
10/25/2021,157.9,159.92,154.19,157.49,-0.48,-0.30%,1465840,0
10/18/2021,153.63,158.71,152.39,157.97,4.7,+3.07%,1087860,0
10/11/2021,151.49,153.89,146.3,153.27,0.8,+0.52%,1451440,0
10/04/2021,155.24,157.48,151.26,152.47,-3.52,-2.26%,1390860,0
09/27/2021,171.06,171.15,153.05,155.99,-16.41,-9.52%,1730720,0
09/20/2021,170.5,174.35,169.11,172.4,-1.54,-0.89%,1267340,0
09/13/2021,177.66,178,170.22,173.94,-3.29,-1.86%,1738940,0
09/06/2021,179.28,179.365,176.57,177.23,-2.05,-1.14%,1130725,0
08/30/2021,173.86,179.57,173.86,179.28,5.47,+3.15%,1309840,0
08/23/2021,169.43,175.1,168.13,173.81,5.68,+3.38%,1434200,0
08/16/2021,159.39,170.74,158.5,168.13,8.9,+5.59%,2366520,0
08/09/2021,156.08,159.27,155.01,159.23,3.53,+2.27%,1414060,0
08/02/2021,154.05,155.89,152.52,155.7,2.47,+1.61%,1592280,0
07/26/2021,151.73,153.6,148.86,153.23,0.92,+0.60%,1974040,0
07/19/2021,147.74,152.41,146.95,152.31,3.38,+2.27%,2088280,0
07/12/2021,150.65,151,147.84,148.93,-1.1,-0.73%,1611700,0
07/05/2021,149.23,150.23,147.28,150.03,1.21,+0.81%,1937000,0
06/28/2021,147.63,148.89,146.43,148.82,1.54,+1.05%,1309620,0
06/21/2021,145.42,148.33,143.7334,147.28,2.27,+1.57%,2791920,0
06/14/2021,143.5,147.68,142.76,145.01,1.48,+1.03%,1938720,0
06/07/2021,138.09,143.6,137.3701,143.53,5.63,+4.08%,1099700,0
05/31/2021,139.17,140.32,135.57,137.9,-0.23,-0.17%,1427425,0
05/24/2021,133.51,139.21,132.53,138.13,5.83,+4.41%,2133100,0
05/17/2021,130.84,134.13,127.13,132.3,1.15,+0.88%,1252920,0
05/10/2021,133.76,133.93,128.47,131.15,-2.75,-2.05%,1041620,0
05/03/2021,134.29,134.82,130.35,133.9,0.26,+0.19%,1281920,0
04/26/2021,137.21,137.8271,133.15,133.64,-3.04,-2.22%,1658780,0
04/19/2021,134.38,137.12,131.815,136.68,2.1,+1.56%,1346900,0
04/12/2021,131.44,134.64,130.84,134.58,2.67,+2.02%,2175160,0
04/05/2021,129,131.92,128.53,131.91,4.22,+3.30%,1230220,0
03/29/2021,124.88,128.475,123.74,127.69,2.05,+1.63%,1378775,0
03/22/2021,122.17,125.71,119.88,125.64,2.95,+2.40%,1399560,0
03/15/2021,120.92,125.305,120.34,122.69,1.25,+1.03%,1738520,0
03/08/2021,116.31,122.92,115.27,121.44,5.3,+4.56%,2035900,0
03/01/2021,123.05,125.89,112.47,116.14,-5.93,-4.86%,1890100,0
02/22/2021,125.95,126.16,120.41,122.07,-4.8,-3.78%,1740840,0
02/15/2021,129.31,136.98,126.49,126.87,-1.11,-0.87%,2388300,0
02/08/2021,123.92,128.6,122.36,127.98,4.8,+3.90%,1513200,0
02/01/2021,121.46,125.96,120.18,123.18,3.01,+2.50%,1480200,0
01/25/2021,126.69,127.48,118.11,120.17,-6.16,-4.88%,1653040,0
01/18/2021,127.38,128.92,126.29,126.33,0.12,+0.10%,1642725,0
01/11/2021,126.45,129.34,124.74,126.21,-0.85,-0.67%,1628740,0
01/04/2021,118.94,127.6404,117.11,127.06,8.57,+7.23%,2031180,0
12/28/2020,118.51,119.12,116.6038,118.49,1.18,+1.01%,1111100,0
12/21/2020,117.7,118.89,115.96,117.31,-1.99,-1.67%,1421950,0
12/14/2020,118.61,120.24,116.4,119.3,0.82,+0.69%,2229160,0
12/07/2020,115.2,119.9,114.12,118.48,3.33,+2.89%,1629220,0
11/30/2020,113.89,118.38,113.16,115.15,1.06,+0.93%,1979420,0
11/23/2020,111.4,118.96,109.56,114.09,3.2,+2.89%,3166200,0
11/16/2020,111,112.3,105.19,110.89,0.72,+0.65%,1987480,0
11/09/2020,116.16,117.5,108.84,110.17,-2.37,-2.11%,1709300,0
11/02/2020,103.52,113.35,103.29,112.54,10.45,+10.24%,1256880,0
10/26/2020,105.39,106.66,100.6548,102.09,-4.08,-3.84%,1425160,0
10/19/2020,106.78,107.62,104.12,106.17,-0.53,-0.50%,839840,0
10/12/2020,106.45,107.54,103.88,106.7,0.94,+0.89%,917600,0
10/05/2020,100.99,106.1,100.96,105.76,5.75,+5.75%,935640,0
09/28/2020,98.64,102.41,98.12,100.01,2.32,+2.37%,971320,0
09/21/2020,98.18,98.975,95.44,97.69,-1.69,-1.70%,1021680,0
09/14/2020,99.73,101.53,98.08,99.38,0.78,+0.79%,1407160,0
09/07/2020,96.11,100.1,94.76,98.6,1.76,+1.82%,1370375,0
08/31/2020,99.9,103.66,95.66,96.84,-3.06,-3.06%,1489140,0
08/24/2020,98.78,99.93,97.14,99.9,1.6,+1.63%,1078200,0
08/17/2020,97.67,99.4025,94.5252,98.3,0.93,+0.96%,1905240,0
08/10/2020,97.84,99.12,96.2,97.37,-0.41,-0.42%,1100760,0
08/03/2020,96.94,99.36,95.81,97.78,1.45,+1.51%,1141020,0
07/27/2020,94.96,97.66,94.725,96.33,1.52,+1.60%,1378200,0
07/20/2020,94.91,98.09,93.87,94.81,0.44,+0.47%,1449660,0
07/13/2020,89.97,94.51,88.07,94.37,4.95,+5.54%,1918860,0
07/06/2020,89.02,90.64,88.56,89.42,0.74,+0.83%,1199040,0
06/29/2020,86.56,89.49,86.11,88.68,2.78,+3.24%,1466775,0
06/22/2020,88.64,89.7,84.8,85.9,-2.83,-3.19%,1557660,0
06/15/2020,84.4,89.79,83.71,88.73,2.62,+3.04%,1355500,0
06/08/2020,89.31,90.589,83.99,86.11,-4.27,-4.72%,1808700,0
06/01/2020,88.04,93.04,87.94,90.38,2.24,+2.54%,2123940,0
05/25/2020,86.23,88.49,84.37,88.14,3.16,+3.72%,2348500,0
05/18/2020,83.24,87.67,80.46,84.98,3.39,+4.15%,2910280,0
05/11/2020,79.6,82.83,78.72,81.59,1.88,+2.36%,2690140,0
05/04/2020,74.28,80.33,73.42,79.71,5.5,+7.41%,1756060,0
04/27/2020,76.35,79.38,73.57,74.21,-1.54,-2.03%,1794920,0
04/20/2020,79.05,79.05,73.71,75.75,-3.8,-4.78%,2125360,0
04/13/2020,77.44,80.35,75.02,79.55,1.22,+1.56%,2037440,0
04/06/2020,72.97,78.72,72.245,78.33,7.91,+11.23%,2468200,0
03/30/2020,71.06,73.18,68.14,70.42,-0.49,-0.69%,1874940,0
03/23/2020,66.8,74.4465,62.09,70.91,4.45,+6.70%,2716760,0
03/16/2020,63.41,71,61.13,66.46,-2.74,-3.96%,3779520,0
03/09/2020,72.59,74.19,62.155,69.2,-9.36,-11.91%,4287420,0
03/02/2020,77.31,85,76.495,78.56,1.49,+1.93%,2722480,0
02/24/2020,81.83,82.59,74.17,77.07,-8,-9.40%,2969680,0
02/17/2020,85.66,86.08,83.36,85.07,-0.75,-0.87%,2980200,0
02/10/2020,83.04,86.06,82.925,85.82,2.65,+3.19%,1727160,0
02/03/2020,83.29,85.5,82.11,83.17,0.61,+0.74%,1644760,0
01/27/2020,86.54,88.36,82.34,82.56,-5.7,-6.46%,2105720,0
01/20/2020,89.8,90.64,87.58,88.26,-1.86,-2.06%,1688925,0
01/13/2020,87.81,90.28,86.7,90.12,2.53,+2.89%,2049940,0
01/06/2020,84,88.235,83.6,87.59,3.02,+3.57%,1778660,0
12/30/2019,85.34,86.35,84.5,84.57,-0.85,-1.00%,1107450,0
12/23/2019,85.42,85.68,84.76,85.42,0.23,+0.27%,626125,0
12/16/2019,84.47,85.31,83.36,85.19,1.48,+1.77%,1806700,0
12/09/2019,82.34,84.98,81.55,83.71,1.5,+1.82%,2091820,0
12/02/2019,80.78,82.42,79.17,82.21,1.44,+1.78%,1852000,0
11/25/2019,79.45,81.34,77.96,80.77,1.65,+2.09%,2609200,0
11/18/2019,78.14,79.49,77.31,79.12,0.86,+1.10%,1957500,0
11/11/2019,76.25,78.31,76.13,78.26,1.62,+2.11%,1215140,0
11/04/2019,77.68,77.845,74.94,76.64,-0.33,-0.43%,1364140,0
10/28/2019,75.69,77.35,74.94,76.97,1.58,+2.10%,1049700,0
10/21/2019,74.88,76.33,74.13,75.39,0.82,+1.10%,1462620,0
10/14/2019,75.18,76.36,73.77,74.57,-0.73,-0.97%,1576060,0
10/07/2019,75.35,76.21,71.73,75.3,-0.58,-0.76%,1659540,0
09/30/2019,76.335,77.11,72.47,75.88,-0.51,-0.67%,1834580,0
09/23/2019,77.48,78.39,75.155,76.39,-1.58,-2.03%,2266200,0
09/16/2019,77.32,78.74,75.745,77.97,0.07,+0.09%,2797140,0
09/09/2019,74.39,78.09,73.29,77.9,3.62,+4.87%,3064700,0
09/02/2019,70.7,74.37,69.481,74.28,3.17,+4.46%,2540900,0
08/26/2019,70.11,72.45,68.79,71.11,1.56,+2.24%,1900160,0
08/19/2019,71.93,72.77,69.25,69.55,-1.53,-2.15%,2150580,0
08/12/2019,68.22,72.65,65.35,71.08,2.44,+3.55%,3732640,0
08/05/2019,66.84,69.51,65.66,68.64,0.56,+0.82%,2352500,0
07/29/2019,69.5,70.68,67.555,68.08,-1.42,-2.04%,2953080,0
07/22/2019,68.91,70.19,68.46,69.5,0.8,+1.16%,2778980,0
07/15/2019,71.02,71.02,68.6,68.7,-2.95,-4.12%,2966380,0
07/08/2019,75.53,75.985,70.83,71.65,-4.1,-5.41%,3039880,0
07/01/2019,75.6,76.93,74.92,75.75,1.08,+1.45%,1819800,0
06/24/2019,73.33,74.7,72.04,74.67,1.33,+1.81%,1763080,0
06/17/2019,70.25,73.54,69.89,73.34,3.37,+4.82%,2117980,0
06/10/2019,69.68,72.6,68.93,69.97,0.45,+0.65%,1652320,0
06/03/2019,67.04,70.215,66.41,69.52,2.47,+3.68%,2653780,0
05/27/2019,68.43,68.86,66.07,67.05,-1.31,-1.92%,3120975,0
05/20/2019,68.66,70.44,66.03,68.36,-0.75,-1.09%,4430940,0
05/13/2019,75.75,76.67,66.24,69.11,-7.99,-10.36%,5826380,0
05/06/2019,77.62,79.41,74.09,77.1,-2.19,-2.76%,2033420,0
04/29/2019,77.47,79.56,77.1453,79.29,1.87,+2.42%,1446440,0
04/22/2019,75.93,77.46,73.76,77.42,1.25,+1.64%,2331200,0
04/15/2019,81,81.13,74.46,76.17,-4.81,-5.94%,3103675,0
04/08/2019,81.57,82.24,80.585,80.98,-0.49,-0.60%,1068280,0
04/01/2019,80.96,82.05,80.44,81.47,1.09,+1.36%,1709900,0
03/25/2019,79.09,81.04,78.66,80.38,1.39,+1.76%,1399580,0
03/18/2019,81.1,82.27,78.97,78.99,-2.11,-2.60%,1396160,0
03/11/2019,78.28,81.43,78.26,81.1,3.12,+4.00%,1507920,0
03/04/2019,81.5,81.76,77.4,77.98,-3.26,-4.01%,1932320,0
02/25/2019,78.9,81.445,78.25,81.24,2.82,+3.60%,1701960,0
02/18/2019,78,78.795,76.5,78.42,0.12,+0.15%,2853200,0
02/11/2019,76,78.31,75.75,78.3,2.5,+3.30%,1595560,0
02/04/2019,76.18,76.69,74.76,75.8,-0.24,-0.32%,1664540,0
01/28/2019,72.76,76.59,72.41,76.04,2.39,+3.25%,1877740,0
01/21/2019,71.44,73.73,70.47,73.65,1.72,+2.39%,1936875,0
01/14/2019,69.72,72.31,69.62,71.93,1.55,+2.20%,1646660,0
01/07/2019,65.64,70.41,65.61,70.38,4.92,+7.52%,1909340,0
12/31/2018,66.34,67.48,62,65.46,-0.5,-0.76%,3048225,0
12/24/2018,62.93,67.12,62.22,65.96,2.67,+4.22%,1738200,0
12/17/2018,69.11,69.625,63.22,63.29,-6.07,-8.75%,3085980,0
12/10/2018,70.43,73.04,68.57,69.36,-0.89,-1.27%,2459860,0
12/03/2018,73.33,75.115,69.65,70.25,-2.1,-2.90%,3554850,0
11/26/2018,68.94,72.645,68.39,72.35,4.14,+6.07%,2501240,0
11/19/2018,64.67,68.67,62.4,68.21,3.22,+4.95%,4127750,0
11/12/2018,66.16,66.25,62.54,64.99,-2.28,-3.39%,3375620,0
11/05/2018,66.03,68.38,65.23,67.27,1.34,+2.03%,2470920,0
10/29/2018,63.65,66.61,61.13,65.93,3.2,+5.10%,2794380,0
10/22/2018,64.69,64.84,61.01,62.73,-1.74,-2.70%,3273380,0
10/15/2018,65.92,67.57,64.24,64.47,-1.77,-2.67%,2041560,0
10/08/2018,69.96,70.05,64.62,66.24,-4.06,-5.78%,2941620,0
10/01/2018,70.68,72.37,69.45,70.3,-0.24,-0.34%,2799320,0
09/24/2018,70.68,70.995,69.7,70.54,-0.18,-0.25%,2016720,0
09/17/2018,69.64,71.46,68.41,70.72,1.87,+2.72%,2153100,0
09/10/2018,67.82,69.66,67.25,68.85,1.45,+2.15%,1764760,0
09/03/2018,67.34,67.83,66.76,67.4,-0.14,-0.21%,1551100,0
08/27/2018,66.33,67.65,65.86,67.54,1.56,+2.36%,1824840,0
08/20/2018,64.57,66.26,64.46,65.98,1.32,+2.04%,2271980,0
08/13/2018,66.44,67.26,64.22,64.66,-1.6,-2.41%,3553900,0
08/06/2018,65.7,68.15,65.33,66.26,0.53,+0.81%,2255580,0
07/30/2018,65.87,66.685,64.5,65.73,-0.02,-0.03%,2187980,0
07/23/2018,63.7,66.83,63.37,65.75,1.9,+2.98%,2403720,0
07/16/2018,63.23,64.65,62.15,63.85,0.47,+0.74%,1389580,0
07/09/2018,62.43,63.83,62.43,63.38,1.09,+1.75%,1584980,0
07/02/2018,61.36,62.4,60.79,62.29,0.45,+0.73%,1726950,0
06/25/2018,62.46,63,60.42,61.84,-0.95,-1.51%,2322960,0
06/18/2018,65.48,65.54,62.27,62.79,-3.34,-5.05%,4013500,0
06/11/2018,65.68,66.75,65.19,66.13,0.4,+0.61%,3456460,0
06/04/2018,63.17,66.37,62.76,65.73,2.95,+4.70%,2771200,0
05/28/2018,62.63,63.23,61.3,62.78,-0.37,-0.59%,2519675,0
05/21/2018,64.75,65.99,62.84,63.15,-1.17,-1.82%,2886580,0
05/14/2018,69.73,70.45,60.7,64.32,-5.13,-7.39%,6604180,0
05/07/2018,67.16,69.6,66.84,69.45,2.45,+3.66%,1772440,0
04/30/2018,66.49,67.25,64.86,67,0.72,+1.09%,2270000,0
04/23/2018,67.71,68.67,64.91,66.28,-1.27,-1.88%,2716240,0
04/16/2018,67.83,70.29,67.32,67.55,0.34,+0.51%,2520180,0
04/09/2018,64.92,67.67,64.08,67.21,3.56,+5.59%,2075300,0
04/02/2018,66.65,66.97,63.38,63.65,-3.25,-4.86%,3230880,0
03/26/2018,67.2,68.63,65.81,66.9,0.84,+1.27%,2336775,0
03/19/2018,69.79,70.31,65.94,66.06,-3.84,-5.49%,2177100,0
03/12/2018,71.2,71.53,69.05,69.9,-1.23,-1.73%,2310420,0
03/05/2018,67.25,71.5,66.51,71.13,3.62,+5.36%,2495120,0
02/26/2018,71,71.21,66.65,67.51,-3.19,-4.51%,3413180,0
02/19/2018,71.5,72.7,70.06,70.7,-1.27,-1.76%,2801525,0
02/12/2018,67.46,74.99,67.37,71.97,4.99,+7.45%,3495400,0
02/05/2018,70.86,71.48,65.03,66.98,-4.27,-5.99%,3530080,0
01/29/2018,74.48,75,71.22,71.25,-3.57,-4.77%,1827040,0
01/22/2018,73.17,74.83,72.6,74.82,1.75,+2.39%,1796460,0
01/15/2018,72.02,73.215,71.06,73.07,1.34,+1.87%,1905550,0
01/08/2018,69.73,72.33,69.545,71.73,1.83,+2.62%,2039380,0
01/01/2018,67.42,70.1,67.34,69.9,2.93,+4.38%,1652650,0
12/25/2017,67.31,67.58,66.93,66.97,-0.38,-0.56%,810775,0
12/18/2017,67.89,68.51,66.86,67.35,-0.26,-0.38%,1572520,0
12/11/2017,67.43,67.86,66.37,67.61,0.23,+0.34%,2190080,0
12/04/2017,68.94,69.17,65.6,67.38,-1.31,-1.91%,2292680,0
11/27/2017,69.22,70.93,67.23,68.69,-0.67,-0.97%,2051140,0
11/20/2017,69.28,70.81,67.7,69.36,0.57,+0.83%,3382750,0
11/13/2017,66.45,69.09,66.25,68.79,1.98,+2.96%,2025640,0
11/06/2017,68.27,68.64,66.7,66.81,-1.56,-2.28%,1259840,0
10/30/2017,67.8,68.67,67.1,68.37,0.4,+0.59%,1349580,0
10/23/2017,67.45,68.52,66.88,67.97,0.72,+1.07%,1579440,0
10/16/2017,67.2,67.53,65.99,67.25,0.26,+0.39%,1440160,0
10/09/2017,66.49,67.82,66.02,66.99,0.63,+0.95%,1375620,0
10/02/2017,64.29,66.38,64.21,66.36,2.16,+3.36%,1407060,0
09/25/2017,65.8,65.9,63.72,64.2,-1.58,-2.40%,1505720,0
09/18/2017,66.09,66.45,65.63,65.78,-0.18,-0.27%,1231380,0
09/11/2017,65.5,66.42,65.16,65.96,0.94,+1.45%,1734300,0
09/04/2017,64.02,65.68,63.81,65.02,0.64,+0.99%,1137300,0
08/28/2017,63.1,65.18,62.97,64.38,1.48,+2.35%,1344820,0
08/21/2017,61.09,63.365,60.96,62.9,1.65,+2.69%,1507040,0
08/14/2017,59.8,62.42,59.11,61.25,1.92,+3.24%,3618860,0
08/07/2017,60.16,60.98,58.22,59.33,-0.8,-1.33%,1617200,0
07/31/2017,60.32,60.74,59.52,60.13,0.05,+0.08%,1050260,0
07/24/2017,61.38,61.66,59.39,60.08,-1.29,-2.10%,1673520,0
07/17/2017,61.6,61.84,60.76,61.37,-0.15,-0.24%,1531500,0
07/10/2017,59.48,61.655,59.38,61.52,1.89,+3.17%,1781580,0
07/03/2017,59.59,60.07,59.07,59.63,0.32,+0.54%,1585825,0
06/26/2017,59.79,59.95,58.49,59.31,-0.46,-0.77%,1347700,0
06/19/2017,59.58,60.92,59.5,59.77,0.26,+0.44%,2561340,0
06/12/2017,59.14,59.79,57.92,59.51,0.3,+0.51%,1712040,0
06/05/2017,60.8,60.84,59.13,59.21,-1.6,-2.63%,2179640,0
05/29/2017,59.54,61.15,59.41,60.81,1.3,+2.18%,2223850,0
05/22/2017,56.52,59.98,55.85,59.51,3.38,+6.02%,4037720,0
05/15/2017,56.16,58.38,55.6,56.13,-0.03,-0.05%,1586760,0
05/08/2017,56.65,56.94,55.8,56.16,-0.48,-0.85%,1648360,0
05/01/2017,55.5,56.96,55.36,56.64,1.59,+2.89%,1895900,0
04/24/2017,53.93,55.51,53.91,55.05,1.78,+3.34%,2176280,0
04/17/2017,52.63,53.71,52.43,53.27,0.94,+1.80%,1733200,0
04/10/2017,52.9,53.26,52.31,52.33,-0.51,-0.97%,1166975,0
04/03/2017,52.9,53.24,52.26,52.84,-0.03,-0.06%,1627400,0
03/27/2017,52.6,53.61,52.42,52.87,-0.21,-0.40%,1512400,0
03/20/2017,53.33,54.05,52.48,53.08,-0.23,-0.43%,1540820,0
03/13/2017,52.14,54.82,51.96,53.31,1.16,+2.22%,2262220,0
03/06/2017,51.64,52.35,50.86,52.15,0.17,+0.33%,1751080,0
02/27/2017,51.74,52.26,51.15,51.98,0.24,+0.46%,1634060,0
02/20/2017,51.66,51.83,51.17,51.74,0.11,+0.21%,1572275,0
02/13/2017,50.63,51.84,50.09,51.63,1.27,+2.52%,3117120,0
02/06/2017,49.13,50.8,48.96,50.36,0.98,+1.98%,1975960,0
01/30/2017,48.48,49.81,47.38,49.38,0.73,+1.50%,1921580,0
01/23/2017,47.6,48.83,47.05,48.65,1.03,+2.16%,2250440,0
01/16/2017,48.37,48.73,47.41,47.62,-1.07,-2.20%,1627650,0
01/09/2017,48.01,49.48,47.82,48.69,0.7,+1.46%,2921180,0
01/02/2017,45.93,48.07,45.74,47.99,2.43,+5.33%,1987000,0
12/26/2016,46.37,46.7,45.38,45.56,-0.64,-1.39%,1205000,0
12/19/2016,45.89,46.36,45.36,46.2,0.29,+0.63%,1196880,0
12/12/2016,46.18,46.92,45.81,45.91,-0.39,-0.84%,1814420,0
12/05/2016,44.21,46.32,44.11,46.3,2.27,+5.16%,1846660,0
11/28/2016,44.52,44.9,42.92,44.03,-0.86,-1.92%,2281800,0
11/21/2016,45.22,45.24,43.77,44.89,-0.15,-0.33%,2043625,0
11/14/2016,46.66,47.8,44.95,45.04,-1.33,-2.87%,3479820,0
11/07/2016,44.99,47.38,44.49,46.37,2.05,+4.63%,2427940,0
10/31/2016,43.33,44.91,43.14,44.32,1.1,+2.55%,2132220,0
10/24/2016,45.88,45.95,43.11,43.22,-2.35,-5.16%,2325380,0
10/17/2016,45.08,46.22,45,45.57,0.49,+1.09%,1476660,0
10/10/2016,47.58,48.15,44.76,45.08,-2.3,-4.85%,1705300,0
10/03/2016,46.82,47.49,46.67,47.38,0.29,+0.62%,1634320,0
09/26/2016,46.46,47.32,46.14,47.09,0.48,+1.03%,1884220,0
09/19/2016,44.9,46.87,44.86,46.61,1.82,+4.06%,1827540,0
09/12/2016,44.59,45.81,44.47,44.79,-0.09,-0.20%,2245740,0
09/05/2016,46.9,47.17,44.87,44.88,-2.12,-4.51%,1598775,0
08/29/2016,47.45,47.89,46.81,47,-0.32,-0.68%,1584560,0
08/22/2016,47.63,48.09,46.61,47.32,-0.3,-0.63%,1929600,0
08/15/2016,48.17,48.63,46.09,47.62,-0.52,-1.08%,3330980,0
08/08/2016,47.57,48.2,47.11,48.14,0.65,+1.37%,1197560,0
08/01/2016,48.11,48.11,46.74,47.49,-0.62,-1.29%,1532040,0
07/25/2016,46.49,48.18,45.79,48.11,1.53,+3.28%,1782500,0
07/18/2016,46.6,47.18,46.34,46.58,-0.09,-0.19%,1762040,0
07/11/2016,45.61,46.98,45.35,46.67,1.19,+2.62%,1515960,0
07/04/2016,44.31,45.55,43.36,45.48,0.88,+1.97%,1956275,0
06/27/2016,43.63,44.8,41.98,44.6,0.48,+1.09%,2960800,0
06/20/2016,45.57,46.68,43.92,44.12,-1.24,-2.73%,2887540,0
06/13/2016,45.32,45.52,44.56,45.36,0,0.00%,2029080,0
06/06/2016,45.72,46.18,45.19,45.36,-0.36,-0.79%,1575600,0
05/30/2016,45.79,46.15,45.19,45.72,-0.1,-0.22%,2148925,0
05/23/2016,44.89,45.85,44.53,45.82,0.93,+2.07%,2334220,0
05/16/2016,42.61,45.34,42.5,44.89,2.27,+5.33%,4162740,0
05/09/2016,41.51,43.2,41.29,42.62,1.19,+2.87%,2420020,0
05/02/2016,41.2,41.75,40.39,41.43,0.51,+1.25%,1341880,0
04/25/2016,41.71,41.88,40.26,40.92,-0.88,-2.11%,1627340,0
04/18/2016,40.72,42,40.61,41.8,0.89,+2.18%,1642100,0
04/11/2016,39.86,41.08,39.34,40.91,1.37,+3.46%,1545160,0
04/04/2016,40.32,40.52,39.17,39.54,-0.77,-1.91%,1938180,0
03/28/2016,39.54,40.58,39.11,40.31,0.88,+2.23%,1863080,0
03/21/2016,40.07,40.14,38.89,39.43,-0.76,-1.89%,1568325,0
03/14/2016,38.98,40.48,38.02,40.19,0.96,+2.45%,1669000,0
03/07/2016,39.04,39.68,37.62,39.23,-0.11,-0.28%,1553940,0
02/29/2016,37.59,39.58,37.33,39.34,1.75,+4.66%,2126360,0
02/22/2016,37.88,38.19,36.47,37.59,0.15,+0.40%,1385540,0
02/15/2016,36.72,38.13,34.75,37.44,1.22,+3.37%,3214175,0
02/08/2016,35.61,36.73,34.15,36.22,0.18,+0.50%,3534100,0
02/01/2016,37.37,37.95,35.83,36.04,-1.61,-4.28%,2759040,0
01/25/2016,37.4,38.03,36.01,37.65,-0.33,-0.87%,2300960,0
01/18/2016,37.64,38.18,36.13,37.98,0.87,+2.34%,2277050,0
01/11/2016,38.71,38.9,36.55,37.11,-1.48,-3.84%,2980420,0
01/04/2016,41.06,41.19,38.47,38.59,-3.22,-7.70%,3043820,0
12/28/2015,42.02,42.48,41.52,41.81,-0.33,-0.78%,1375175,0
12/21/2015,40.51,42.26,40.44,42.14,2.04,+5.09%,1440850,0
12/14/2015,40.22,41.63,39.9,40.1,-0.09,-0.22%,2534380,0
12/07/2015,40.92,41.8,40.06,40.19,-0.91,-2.21%,3362580,0
11/30/2015,41.97,42.31,39.95,41.1,-0.87,-2.07%,4348860,0
11/23/2015,39.29,42.2,39.14,41.97,2.69,+6.85%,4468950,0
11/16/2015,36.75,39.7,36.5,39.28,2.51,+6.83%,5896400,0
11/09/2015,38.04,38.22,36.63,36.77,-1.37,-3.59%,3169940,0
11/02/2015,37.87,38.62,37.8,38.14,0.38,+1.01%,1650080,0
10/26/2015,36.98,38.1,36.47,37.76,0.65,+1.75%,1966480,0
10/19/2015,35.69,37.27,35.59,37.11,1.33,+3.72%,3127340,0
10/12/2015,36.08,36.24,34.79,35.78,-0.45,-1.24%,1713520,0
10/05/2015,35.04,36.34,34.53,36.23,1.56,+4.50%,2485940,0
09/28/2015,34.13,34.68,33.12,34.67,0.22,+0.64%,2788840,0
09/21/2015,35.96,36.07,34.1,34.45,-1.29,-3.61%,2329120,0
09/14/2015,35.92,36.99,35.32,35.74,-0.22,-0.61%,2255460,0
09/07/2015,35.82,36.8,35.44,35.96,0.9,+2.57%,1686250,0
08/31/2015,36.44,36.55,34.57,35.06,-1.45,-3.97%,2517500,0
08/24/2015,33.99,36.67,33.57,36.51,0.28,+0.77%,3068280,0
08/17/2015,38.36,40.35,36.17,36.23,-2.42,-6.26%,3684480,0
08/10/2015,40.24,40.64,38.27,38.65,-1.34,-3.35%,2410380,0
08/03/2015,40.92,41.35,39.63,39.99,-0.96,-2.34%,1589420,0
07/27/2015,39.04,41.14,38.61,40.95,1.64,+4.17%,2946340,0
07/20/2015,40.06,40.42,39.22,39.31,-0.64,-1.60%,1763820,0
07/13/2015,39.72,40.66,39.54,39.95,0.55,+1.40%,2173480,0
07/06/2015,39.11,39.79,38.71,39.4,-0.18,-0.45%,2634580,0
06/29/2015,39.6,39.8,38.48,39.58,-0.44,-1.10%,3050225,0
06/22/2015,39.81,40.52,39.03,40.02,0.53,+1.34%,4141300,0
06/15/2015,39.63,40.05,39.25,39.49,-0.35,-0.88%,1965520,0
06/08/2015,40.26,40.6,39.74,39.84,-0.47,-1.17%,1785620,0
06/01/2015,41.43,41.43,40.01,40.31,-0.88,-2.14%,2792360,0
05/25/2015,42.48,42.93,40.82,41.19,-1.31,-3.08%,3199225,0
05/18/2015,42.05,42.84,41.5,42.5,0.46,+1.09%,2701320,0
05/11/2015,42.39,42.83,41.5,42.04,-0.46,-1.08%,2123380,0
05/04/2015,41.88,42.53,41.31,42.5,0.67,+1.60%,1059500,0
04/27/2015,42.74,42.77,41.11,41.83,-0.66,-1.55%,1973780,0
04/20/2015,43.33,43.5,42.24,42.49,-0.49,-1.14%,2405900,0
04/13/2015,43.49,43.59,42.58,42.98,-0.57,-1.31%,2067080,0
04/06/2015,41.68,43.56,41.51,43.55,1.5,+3.57%,2519660,0
03/30/2015,41.52,42.13,40.72,42.05,0.94,+2.29%,2007350,0
03/23/2015,42.12,42.44,40.37,41.11,-1.1,-2.61%,2348740,0
03/16/2015,41.2,42.53,41.06,42.21,1.34,+3.28%,1750540,0
03/09/2015,41.54,41.89,40.52,40.87,-0.66,-1.59%,2588420,0
03/02/2015,42.34,42.74,41.49,41.53,-0.68,-1.61%,1538640,0
02/23/2015,41.89,42.49,41.49,42.21,0.26,+0.62%,1883020,0
02/16/2015,40.01,42.2,39.76,41.95,1.8,+4.48%,4648000,0
02/09/2015,39.23,40.31,38.78,40.15,0.81,+2.06%,2372280,0
02/02/2015,37.9,39.82,37.71,39.34,1.57,+4.16%,2509920,0
01/26/2015,38.79,39.25,37.69,37.77,-1.04,-2.68%,2126480,0
01/19/2015,38.43,39.86,37.68,38.81,0.56,+1.46%,3532725,0
01/12/2015,40.61,40.72,37.76,38.25,-2.34,-5.76%,3110520,0
01/05/2015,40.32,41,39.02,40.59,0.03,+0.07%,2249500,0
12/29/2014,41.36,41.79,40.37,40.56,-0.82,-1.98%,1313600,0
12/22/2014,41.38,42.01,40.96,41.38,0,0.00%,1369350,0
12/15/2014,40.07,41.43,38.09,41.38,1.66,+4.18%,3740520,0
12/08/2014,42.23,42.51,39.71,39.72,-2.58,-6.10%,1972060,0
12/01/2014,42.69,42.73,41.55,42.3,-0.44,-1.03%,2208400,0
11/24/2014,42.44,42.99,41.99,42.74,0.49,+1.16%,1920125,0
11/17/2014,41.57,42.38,40.05,42.25,0.68,+1.64%,4042080,0
11/10/2014,40.98,42.11,40.88,41.57,0.64,+1.56%,2077700,0
11/03/2014,39.9,41.48,39.49,40.93,1.4443,+3.66%,3618640,0
10/27/2014,38.5286,39.5786,38.2857,39.4857,0.8786,+2.28%,2367203,0
10/20/2014,37.1929,38.7214,36.3286,38.6071,1.2714,+3.41%,3527384,0
10/13/2014,38.3786,38.7357,35.5714,37.3357,-0.9786,-2.55%,5711076,0
10/06/2014,40.7571,40.8286,38.1571,38.3143,-2.3357,-5.75%,3488016,0
09/29/2014,40.0286,41,39.4929,40.65,0.2929,+0.73%,2663752,0
09/22/2014,41.5214,41.5643,40.05,40.3571,-1.25,-3.00%,2468816,0
09/15/2014,41.7857,42.4286,40.9786,41.6071,-0.25,-0.60%,3010587,0
09/08/2014,41.2286,41.8786,40.8429,41.8571,0.4857,+1.17%,2154767,0
09/01/2014,40.8786,41.7786,40.8786,41.3714,0.5428,+1.33%,1817235,0
08/25/2014,41.3429,41.5357,40.7,40.8286,-0.3428,-0.83%,1798748,0
08/18/2014,41.25,41.9643,40.9643,41.1714,0.0428,+0.10%,2371263,0
08/11/2014,39.6,42.1857,38.7071,41.1286,1.6715,+4.24%,4108467,0
08/04/2014,40.1357,40.2857,39.1857,39.4571,-0.5929,-1.48%,2143232,0
07/28/2014,40.35,40.5714,39.6929,40.05,-0.3286,-0.81%,2574320,0
07/21/2014,39.9,41.65,39.85,40.3786,0.2715,+0.68%,2828868,0
07/14/2014,40.6571,40.7857,39.3857,40.1071,-0.3215,-0.80%,3236996,0
07/07/2014,41.5714,41.6071,40.0071,40.4286,-1.3285,-3.18%,1740508,0
06/30/2014,41.0714,41.85,40.8429,41.7571,0.6857,+1.67%,1869420,0
06/23/2014,41.9357,42.0429,40.8429,41.0714,-0.9072,-2.16%,1748096,0
06/16/2014,41.8357,42.5286,41.3143,41.9786,0.1929,+0.46%,2462992,0
06/09/2014,42.1429,42.5571,41.5571,41.7857,-0.3643,-0.86%,1847943,0
06/02/2014,40.6857,42.3429,40.2143,42.15,1.4786,+3.64%,2066791,0
05/26/2014,40.2214,40.9857,40.0214,40.6714,0.5428,+1.35%,2486189,0
05/19/2014,39.2143,40.1571,38.7214,40.1286,0.8215,+2.09%,3046792,0
05/12/2014,39.7,40.7,38.3929,39.3071,-0.2572,-0.65%,3988739,0
05/05/2014,38.7929,40.1,38.4929,39.5643,0.6072,+1.56%,2807728,0
04/28/2014,39.15,39.2786,37.1214,38.9571,0.1071,+0.28%,3248167,0
04/21/2014,39.0071,39.7143,38.6214,38.85,-0.1857,-0.48%,1943844,0
04/14/2014,37.9929,39.2071,37.1143,39.0357,1.3428,+3.56%,2911440,0
04/07/2014,39.6857,39.7571,37.6071,37.6929,-2,-5.04%,3080756,0
03/31/2014,39.2643,40.8857,38.9786,39.6929,0.6286,+1.61%,2831192,0
03/24/2014,40.0571,40.1643,38.7286,39.0643,-1,-2.50%,3150868,0
03/17/2014,39.7714,41.2714,39.6286,40.0643,0.4643,+1.17%,2550128,0
03/10/2014,41.6357,41.6714,39.45,39.6,-2.1286,-5.10%,3276392,0
03/03/2014,40.0857,42.3714,39.85,41.7286,1.0643,+2.62%,4723487,0
02/24/2014,40.3214,41.1571,40.1357,40.6643,0.4214,+1.05%,3967208,0
02/17/2014,39.5571,41.1,39.2143,40.2429,0.7786,+1.97%,6450255,0
02/10/2014,42.3357,43.1857,39.1929,39.4643,-2.9786,-7.02%,7620340,0
02/03/2014,41.5357,42.4786,40.0571,42.4429,0.9072,+2.18%,3278631,0
01/27/2014,41.3571,42.9357,40.7,41.5357,0.2,+0.48%,4659283,0
01/20/2014,43.35,43.7286,41.2214,41.3357,-2.0286,-4.68%,4024124,0
01/13/2014,41.9786,43.45,41.8571,43.3643,1.2714,+3.02%,3186232,0
01/06/2014,41,42.15,40.4,42.0929,1.4358,+3.53%,2598652,0
12/30/2013,40.75,41.1071,40.1071,40.6571,-0.1786,-0.44%,2048200,0
12/23/2013,41.0357,41.2214,40.8,40.8357,0.15,+0.37%,1303889,0
12/16/2013,39.4643,41.3857,39.3357,40.6857,1.2857,+3.26%,3885840,0
12/09/2013,39.1429,39.9286,38.7857,39.4,0.2357,+0.60%,3228960,0
12/02/2013,38.1929,39.2357,37.5429,39.1643,0.9,+2.35%,3140591,0
11/25/2013,38.65,38.6643,37.8714,38.2643,-0.2,-0.52%,2452275,0
11/18/2013,38.8929,39.2714,38.1929,38.4643,-0.7714,-1.97%,3711204,0
11/11/2013,36.1643,39.8143,35.9714,39.2357,2.9643,+8.17%,5684196,0
11/04/2013,36.7071,36.7571,35.6,36.2714,-0.2286,-0.63%,2752484,0
10/28/2013,36.9929,37.1286,36.0357,36.5,-0.55,-1.48%,2286564,0
10/21/2013,37.8857,37.9571,35.9286,37.05,-0.8,-2.11%,3743992,0
10/14/2013,36.5714,38.0286,36.0786,37.85,1.0929,+2.97%,3637031,0
10/07/2013,36.6714,36.9071,35.2786,36.7571,-0.2286,-0.62%,2841524,0
09/30/2013,36.4429,37.2,36.2143,36.9857,0.1071,+0.29%,3196004,0
09/23/2013,37.0786,37.3143,36.5714,36.8786,-0.3714,-1.00%,3526655,0
09/16/2013,35.0429,38.1929,34.4929,37.25,2.6357,+7.61%,9610944,0
09/09/2013,33.9929,35.0143,33.7786,34.6143,0.7357,+2.17%,2487212,0
09/02/2013,33.6,34.35,33.3,33.8786,0.5643,+1.69%,2356864,0
08/26/2013,34.0286,34.4357,33.1214,33.3143,-0.7428,-2.18%,2520112,0
08/19/2013,33.3071,34.5214,32.9786,34.0571,0.6357,+1.90%,3029936,0
08/12/2013,32.7786,34.4071,32.6571,33.4214,0.4071,+1.23%,4382812,0
08/05/2013,33.0429,33.25,32.5786,33.0143,-0.1143,-0.35%,2665376,0
07/29/2013,32.5643,33.2214,31.9,33.1286,0.5572,+1.71%,3557763,0
07/22/2013,33.0214,33.5,32.45,32.5714,-0.4286,-1.30%,3280843,0
07/15/2013,32.6429,33.1929,32.5357,33,0.3214,+0.98%,2473884,0
07/08/2013,31.7,32.8429,31.5143,32.6786,1.0857,+3.44%,3762276,0
07/01/2013,30.75,31.6357,30.5143,31.5929,1.05,+3.44%,3959130,0
06/24/2013,30.3143,30.9357,30.0071,30.5429,-0.1571,-0.51%,5182295,0
06/17/2013,31.7,32.0571,29.8929,30.7,-0.7286,-2.32%,5681872,0
06/10/2013,32.3929,32.3929,31.1857,31.4286,-0.8214,-2.55%,3821467,0
06/03/2013,32.6071,33.1786,31.5786,32.25,-0.2143,-0.66%,4511220,0
05/27/2013,32.9214,33.6071,32.4286,32.4643,-0.1,-0.31%,5640250,0
05/20/2013,32.4857,33.9071,32.2857,32.5643,0.0214,+0.07%,5920375,0
05/13/2013,31.0214,33.2071,30.5143,32.5429,1.3786,+4.42%,8057980,0
05/06/2013,29.6,31.3214,29.5643,31.1643,1.4857,+5.01%,4559716,0
04/29/2013,29.7429,30.3929,29.25,29.6786,0.1786,+0.61%,4731607,0
04/22/2013,30.0214,30.8929,29.0643,29.5,-0.5,-1.67%,4560500,0
04/15/2013,31.7857,31.8143,29.6286,30,-1.9643,-6.15%,6664644,0
04/08/2013,29.6,31.9929,29.4071,31.9643,2.2929,+7.73%,5021492,0
04/01/2013,29.8786,29.9857,28.8,29.6714,-0.3072,-1.02%,5334671,0
03/25/2013,29.6357,30.1357,29.1357,29.9786,0.5143,+1.75%,3790079,0
03/18/2013,30.3286,30.5857,29.2214,29.4643,-1.2571,-4.09%,5933423,0
03/11/2013,30.7071,30.9857,29.8071,30.7214,-0.0143,-0.05%,4732448,0
03/04/2013,29.8214,31.0857,29.6571,30.7357,0.7857,+2.62%,4030040,0
02/25/2013,30.0643,30.1571,28.7071,29.95,0.0929,+0.31%,5579532,0
02/18/2013,30.15,30.8,29.6214,29.8571,-0.3215,-1.07%,5165685,0
02/11/2013,32.2643,32.3143,30.15,30.1786,-2.0214,-6.28%,7236432,0
02/04/2013,31.9929,32.3929,31.3429,32.2,-0.15,-0.46%,3739848,0
01/28/2013,32.2786,32.6143,31.55,32.35,0,0.00%,4053643,0
01/21/2013,31.4,32.5357,31.3214,32.35,0.8143,+2.58%,3930115,0
01/14/2013,31.0214,31.7357,30.5929,31.5357,0.5143,+1.66%,4204368,0
01/07/2013,30.4286,31.5143,30.0714,31.0214,0.4071,+1.33%,4404260,0
12/31/2012,28.3143,30.6786,28.3143,30.6143,2.1643,+7.61%,6430620,0
12/24/2012,29.2071,29.45,28.4286,28.45,-0.8714,-2.97%,2807000,0
12/17/2012,28.5571,29.8143,28.3286,29.3214,0.8571,+3.01%,5985952,0
12/10/2012,27,29.1714,26.9357,28.4643,1.4572,+5.40%,5543496,0
12/03/2012,27.5714,27.8214,26.9214,27.0071,-0.3429,-1.25%,4403056,0
11/26/2012,26.2143,27.5571,26.1357,27.35,1.0071,+3.82%,4633972,0
11/19/2012,26.4357,27.1286,25.4571,26.3429,0.7643,+2.99%,7662620,0
11/12/2012,26.4714,26.5357,25.3214,25.5786,-0.7857,-2.98%,5771556,0
11/05/2012,26.4286,27.4857,26.1143,26.3643,-0.0643,-0.24%,4660488,0
10/29/2012,25.7143,26.6929,25.6143,26.4286,0.7572,+2.95%,4648046,0
10/22/2012,25.4714,25.9286,25.2714,25.6714,0.1357,+0.53%,4716768,0
10/15/2012,26.6571,27.3214,25.4571,25.5357,-1.05,-3.95%,5407948,0
10/08/2012,27.5643,27.9429,26.5143,26.5857,-1.1714,-4.22%,4039168,0
10/01/2012,27.5,28.3143,27.4143,27.7571,0.2928,+1.07%,5122236,0
09/24/2012,27.7643,27.8571,27,27.4643,-0.3928,-1.41%,4931248,0
09/17/2012,28.1857,28.5786,27.6929,27.8571,-0.5215,-1.84%,5084351,0
09/10/2012,27.3714,28.6714,26.5571,28.3786,0.9357,+3.41%,6335532,0
09/03/2012,26.4071,27.5571,26.1571,27.4429,0.9,+3.39%,5845000,0
08/27/2012,27.0143,27.0143,26.3286,26.5429,-0.4928,-1.82%,4972212,0
08/20/2012,26.4429,27.15,26.1071,27.0357,0.45,+1.69%,5908532,0
08/13/2012,28.7643,29.25,26.2571,26.5857,-2.3643,-8.17%,6962983,0
08/06/2012,28.3786,29.2643,28,28.95,1.0143,+3.63%,2882348,0
07/30/2012,27.0857,28.2,26.4643,27.9357,0.8357,+3.08%,3195948,0
07/23/2012,26.3,27.2429,25.2286,27.1,0.2714,+1.01%,3857392,0
07/16/2012,26.3,27.7071,26.0714,26.8286,0.3715,+1.40%,2963660,0
07/09/2012,27.1071,27.5643,25.8929,26.4571,-0.6643,-2.45%,3550623,0
07/02/2012,28.2357,28.4571,26.8429,27.1214,-0.9072,-3.24%,2678060,0
06/25/2012,27.4571,28.0714,26.5571,28.0286,0.15,+0.54%,3273648,0
06/18/2012,28.4643,29.6071,27.4071,27.8786,-0.7,-2.45%,4378192,0
06/11/2012,28.6071,28.6786,27.5357,28.5786,0.2929,+1.04%,3108504,0
06/04/2012,27.3929,28.9714,26.4,28.2857,0.9857,+3.61%,5640515,0
05/28/2012,29.6214,30.1786,27.1857,27.3,-1.9929,-6.80%,5873595,0
05/21/2012,27.7357,29.6143,27.7143,29.2929,1.6286,+5.89%,4228475,0
05/14/2012,27.7643,29.9357,27.4571,27.6643,-0.5143,-1.83%,6890660,0
05/07/2012,29.05,29.35,28.15,28.1786,-1.1143,-3.80%,4881744,0
04/30/2012,30.3643,30.9071,29.2571,29.2929,-1.1071,-3.64%,3011959,0
04/23/2012,29.5429,30.4786,27.9643,30.4,0.3286,+1.09%,5207748,0
04/16/2012,30.4214,30.6286,29.6857,30.0714,-0.1,-0.33%,3071711,0
04/09/2012,31.5214,31.5214,29.9643,30.1714,-1.8072,-5.65%,4039140,0
04/02/2012,31.85,32.25,30.9643,31.9786,0.1857,+0.58%,4328590,0
03/26/2012,31.9786,33.0571,31.3929,31.7929,0.15,+0.47%,4191852,0
03/19/2012,32.4643,32.6429,30.8214,31.6429,-0.9428,-2.89%,3405164,0
03/12/2012,31.6786,32.8571,30.9857,32.5857,0.7643,+2.40%,3395056,0
03/05/2012,31.1429,32.1929,29.9214,31.8214,0.5928,+1.90%,4957876,0
02/27/2012,30.5071,31.7143,30.3214,31.2286,0.5,+1.63%,3267992,0
02/20/2012,30.9286,31.4214,30.2429,30.7286,-0.0857,-0.28%,3725889,0
02/13/2012,31.9,31.9286,29.8286,30.8143,-0.7143,-2.27%,5513984,0
02/06/2012,31.9571,32.3929,31.0786,31.5286,-0.8143,-2.52%,3524668,0
01/30/2012,29.95,32.3571,29.8,32.3429,1.8572,+6.09%,4521019,0
01/23/2012,29.2,32.0357,28.95,30.4857,1.2,+4.10%,6083028,0
01/16/2012,28.4,30.2214,28.3571,29.2857,1.3857,+4.97%,5014345,0
01/09/2012,26.8714,28.2714,26.7643,27.9,1.1857,+4.44%,4376848,0
01/02/2012,25.5929,26.8286,25.4214,26.7143,1.7643,+7.07%,5097715,0
12/26/2011,25.1357,25.4071,24.3,24.95,-0.3071,-1.22%,2283505,0
12/19/2011,24.0214,25.2714,23.6714,25.2571,1.3571,+5.68%,3693508,0
12/12/2011,24.8643,24.9429,23.2214,23.9,-1.3357,-5.29%,4638060,0
12/05/2011,26.8071,27.0571,24.5143,25.2357,-1.0214,-3.89%,4378892,0
11/28/2011,25.0929,27.5571,24.8,26.2571,2.0928,+8.66%,4457152,0
11/21/2011,25.5714,25.8,23.7286,24.1643,-2.1286,-8.10%,4620175,0
11/14/2011,26.5786,28.1357,26.15,26.2929,-0.4642,-1.73%,6548808,0
11/07/2011,26.2786,27.7071,25.4929,26.7571,0.3928,+1.49%,6115592,0
10/31/2011,28.4786,28.55,24.7571,26.3643,-2.8428,-9.73%,7537516,0
10/24/2011,25.4214,29.3214,24.8786,29.2071,4.0142,+15.93%,9197412,0
10/17/2011,23.5857,25.3143,22.9571,25.1929,1.3786,+5.79%,6628636,0
10/10/2011,22.9571,24.7,22.7786,23.8143,1.4072,+6.28%,8298472,0
10/03/2011,22.0714,23.9714,20.4786,22.4071,0.0857,+0.38%,8014888,0
09/26/2011,22.9357,24.6857,22.1786,22.3214,-0.3072,-1.36%,6690571,0
09/19/2011,25.2929,26.0714,21.95,22.6286,-3.3428,-12.87%,8196160,0
09/12/2011,23.3786,26.7214,22.9143,25.9714,2.1428,+8.99%,7709771,0
09/05/2011,23.4214,25.6429,22.9643,23.8286,-0.7428,-3.02%,8606815,0
08/29/2011,25.3143,27.1857,24.2786,24.5714,-0.3357,-1.35%,7714896,0
08/22/2011,22.9,24.9643,21.5857,24.9071,2.7071,+12.19%,9840824,0
08/15/2011,26.2286,27.2357,22.1643,22.2,-3.6643,-14.17%,9053548,0
08/08/2011,25.2786,26.3857,22.7,25.8643,-0.2714,-1.04%,12687668,0
08/01/2011,30.4357,30.5571,25.2643,26.1357,-3.9786,-13.21%,8742440,0
07/25/2011,32.9929,33.3714,29.4929,30.1143,-3.3786,-10.09%,6949151,0
07/18/2011,33.3643,33.7857,32.0071,33.4929,-0.1357,-0.40%,5691504,0
07/11/2011,35.3214,35.6429,33.2643,33.6286,-2.25,-6.27%,5573876,0
07/04/2011,37.0929,37.5857,34.8286,35.8786,-1.2643,-3.40%,5161345,0
06/27/2011,34.5357,37.2357,34.1786,37.1429,2.5072,+7.24%,4526928,0
06/20/2011,33.6357,35.9429,33.4429,34.6357,0.7571,+2.23%,4411820,0
06/13/2011,34.4714,35.6357,33.1286,33.8786,-0.5428,-1.58%,5501636,0
06/06/2011,33.75,35.0929,33.5643,34.4214,0.5428,+1.60%,5070156,0
05/30/2011,35.4929,35.7357,33.45,33.8786,-1.55,-4.37%,4557980,0
05/23/2011,35.5786,35.5786,34.3786,35.4286,-0.7857,-2.17%,4719624,0
05/16/2011,37.2786,37.8571,36.0214,36.2143,-1.3428,-3.58%,6215748,0
05/09/2011,35.6071,39.5214,35.2786,37.5571,2.0357,+5.73%,6428940,0
05/02/2011,35.8714,36.2571,35.0143,35.5214,-0.1286,-0.36%,4107824,0
04/25/2011,35.0929,36.2,34.2643,35.65,0.4071,+1.16%,4345376,0
04/18/2011,33.45,35.2857,32.3714,35.2429,1.3143,+3.87%,5481560,0
04/11/2011,32.0429,34.2714,31.6286,33.9286,1.8643,+5.81%,5320447,0
04/04/2011,32.1929,32.6429,31.6143,32.0643,-0.1786,-0.55%,3283812,0
03/28/2011,31.6,32.4857,31.0786,32.2429,0.7858,+2.50%,3416700,0
03/21/2011,31.1357,31.7857,30.5357,31.4571,0.7857,+2.56%,3963596,0
03/14/2011,32.2071,32.4357,29.9,30.6714,-1.7143,-5.29%,7245616,0
03/07/2011,33.1286,33.4286,31.3571,32.3857,-1.0072,-3.02%,6747916,0
02/28/2011,30.3071,33.4357,28.8286,33.3929,3.1358,+10.36%,7918288,0
02/21/2011,30.8643,31.25,28.5286,30.2571,-1.1143,-3.55%,6989850,0
02/14/2011,32.1429,32.4429,30.4571,31.3714,-0.7857,-2.44%,6155575,0
02/07/2011,31.0357,32.25,30.4071,32.1571,1.45,+4.72%,5542684,0
01/31/2011,29.4357,30.8071,28.7357,30.7071,1.4357,+4.90%,5535656,0
01/24/2011,30.1286,31.0857,29.2,29.2714,-0.8072,-2.68%,4465104,0
01/17/2011,30.95,31.75,29.6143,30.0786,-0.8214,-2.66%,5389545,0
01/10/2011,29.5786,31.0071,29.5,30.9,1.1714,+3.94%,3588564,0
01/03/2011,29.6857,30.1,29.2857,29.7286,0.1357,+0.46%,4614708,0
12/27/2010,29.2357,30.0571,29.2071,29.5929,0.2572,+0.88%,3279556,0
12/20/2010,28.6143,29.5143,28.1857,29.3357,0.3786,+1.31%,4210780,0
12/13/2010,27.5286,29.2786,27.3786,28.9571,1.4285,+5.19%,6214012,0
12/06/2010,26.6429,27.7857,26.4643,27.5286,0.7572,+2.83%,5064051,0
11/29/2010,25.6786,26.85,24.9929,26.7714,0.8071,+3.11%,5101796,0
11/22/2010,25.8214,26.1214,25.0857,25.9643,-0.0786,-0.30%,2632945,0
11/15/2010,26.1,26.1571,24.8571,26.0429,0.0715,+0.28%,4939395,0
11/08/2010,25.8214,26.8214,24.6286,25.9714,-0.0143,-0.06%,5386584,0
11/01/2010,24.9571,26,24.5571,25.9857,1.1286,+4.54%,3262196,0
10/25/2010,25.0214,25.2357,24.4071,24.8571,0.0357,+0.14%,3314556,0
10/18/2010,24.6357,25,23.9714,24.8214,0.1928,+0.78%,3957716,0
10/11/2010,24.1214,24.8143,23.7786,24.6286,0.4857,+2.01%,3990616,0
10/04/2010,23.9714,24.2286,23.0643,24.1429,0.05,+0.21%,5305524,0
09/27/2010,22.9071,24.4857,22.6286,24.0929,1.1715,+5.11%,5873224,0
09/20/2010,21.9857,22.9714,21.6786,22.9214,1.1,+5.04%,4730292,0
09/13/2010,20.8786,22.0929,20.4643,21.8214,1.1714,+5.67%,5198200,0
09/06/2010,21.2071,21.2214,20.5143,20.65,-0.6714,-3.15%,3111220,0
08/30/2010,19.8357,21.4214,19.1071,21.3214,1.35,+6.76%,4636239,0
08/23/2010,20.5286,20.5643,19.0571,19.9714,-0.4286,-2.10%,4683728,0
08/16/2010,19.3643,21.1857,19.2857,20.4,0.8643,+4.42%,5720120,0
08/09/2010,20.6571,21.3357,19.5,19.5357,-0.9857,-4.80%,4397707,0
08/02/2010,20.25,20.6929,19.8214,20.5214,0.5714,+2.86%,4182472,0
07/26/2010,20.8714,21.2357,19.7571,19.95,-0.9786,-4.68%,4671800,0
07/19/2010,19.4929,21.0071,19.1,20.9286,1.6215,+8.40%,6116124,0
07/12/2010,20.3643,20.8929,19.2643,19.3071,-1.1572,-5.65%,6313412,0
07/05/2010,20.25,20.6786,19.6643,20.4643,0.6143,+3.09%,4589200,0
06/28/2010,21.8786,22.0429,19.6,19.85,-2.0714,-9.45%,5332739,0
06/21/2010,23.6143,23.8357,21.7429,21.9214,-1.3715,-5.89%,4274060,0
06/14/2010,22.2429,23.5286,22.1143,23.2929,1.3429,+6.12%,4122131,0
06/07/2010,21.8071,21.9857,20.9357,21.95,0.2786,+1.29%,5517932,0
05/31/2010,22.9214,23.25,21.5786,21.6714,-1.4429,-6.24%,4327435,0
05/24/2010,22.3143,23.4643,21.4071,23.1143,0.7286,+3.25%,4633243,0
05/17/2010,24.3,24.6429,21.5571,22.3857,-1.8,-7.44%,8894200,0
05/10/2010,23.7,25.2071,23.5643,24.1857,1.4214,+6.24%,5055344,0
05/03/2010,26.0714,26.35,21.9,22.7643,-3.1357,-12.11%,6394248,0
04/26/2010,26.1929,26.7357,25.8071,25.9,-0.2714,-1.04%,4379788,0
04/19/2010,25.2429,26.2,24.75,26.1714,0.9785,+3.88%,4497192,0
04/12/2010,24.4357,25.65,24.2,25.1929,0.7429,+3.04%,8060332,0
04/05/2010,24.7071,24.8857,23.9643,24.45,-0.2286,-0.93%,3726996,0
03/29/2010,24.5071,24.9071,24.4643,24.6786,0.1715,+0.70%,4946060,0
03/22/2010,23.7571,24.8214,23.6357,24.5071,0.6357,+2.66%,4923127,0
03/15/2010,23.8,24.0429,23.6,23.8714,0,0.00%,4247628,0
03/08/2010,23.65,24.1214,23.4429,23.8714,0.1857,+0.78%,5358751,0
03/01/2010,22.45,23.75,22.45,23.6857,1.2143,+5.40%,6200124,0
02/22/2010,22.35,22.5143,21.5929,22.4714,0.1857,+0.83%,4367664,0
02/15/2010,21.6,22.3357,21.4071,22.2857,0.8714,+4.07%,4744355,0
02/08/2010,20.8643,21.9571,20.55,21.4143,0.5786,+2.78%,6763679,0
02/01/2010,20.1143,21.35,20.0929,20.8357,0.8143,+4.07%,6758360,0
01/25/2010,21.0143,21.1786,19.9429,20.0214,-0.8143,-3.91%,4311720,0
01/18/2010,21.6857,22.2214,20.7786,20.8357,-0.9,-4.14%,4630779,0
01/11/2010,22.0571,22.4,21.4643,21.7357,-0.2643,-1.20%,4378528,0
01/04/2010,22.4214,22.5929,21.7143,22,-0.1929,-0.87%,3619923,0
12/28/2009,21.6643,22.6929,21.3714,22.1929,0.5286,+2.44%,4381405,0
12/21/2009,21.1429,21.7143,20.9286,21.6643,0.6643,+3.16%,3011855,0
12/14/2009,21.2786,21.4857,20.8786,21,-0.1714,-0.81%,2937396,0
12/07/2009,21.2,21.4214,20.7,21.1714,-0.1572,-0.74%,3124464,0
11/30/2009,20.5571,21.7714,20.4,21.3286,0.7215,+3.50%,4080552,0
11/23/2009,20.9429,21.1,20.0071,20.6071,-0.0429,-0.21%,1979950,0
11/16/2009,20.1786,21.2214,20.0714,20.65,0.2143,+1.05%,4089708,0
11/09/2009,18.8786,20.6357,18.8214,20.4357,1.7428,+9.32%,4911984,0
11/02/2009,17.6714,18.9143,17.6357,18.6929,1.0215,+5.78%,4087355,0
10/26/2009,18.7071,19.0714,17.5786,17.6714,-1.0429,-5.57%,5097848,0
10/19/2009,19.5286,19.6786,18.6,18.7143,-0.7214,-3.71%,4474540,0
10/12/2009,19.7071,19.8071,19.2429,19.4357,-0.1857,-0.95%,3343843,0
10/05/2009,18.7786,19.8214,18.7214,19.6214,0.8285,+4.41%,3673488,0
09/28/2009,19.7786,20.1643,18.5357,18.7929,-0.9071,-4.60%,5261200,0
09/21/2009,20.5214,20.9857,19.6286,19.7,-0.5643,-2.78%,6011096,0
09/14/2009,19.9,20.5857,19.7429,20.2643,0.2286,+1.14%,5158300,0
09/07/2009,18.4714,20.1143,18.4357,20.0357,1.5643,+8.47%,5769505,0
08/31/2009,18.1786,18.8071,17.8286,18.4714,0.0214,+0.12%,7308700,0
08/24/2009,18.3143,18.6071,17.9643,18.45,0.2,+1.10%,5497576,0
08/17/2009,17.0571,18.5714,16.6286,18.25,1.0786,+6.28%,8285283,0
08/10/2009,16.9071,17.7143,16.7143,17.1714,0.2214,+1.31%,4096988,0
08/03/2009,16.8643,17.4286,16.5286,16.95,0.3643,+2.20%,3928540,0
07/27/2009,15.4929,17.0643,15.4929,16.5857,0.6786,+4.27%,6528984,0
07/20/2009,15.0929,15.9214,15.0357,15.9071,0.9357,+6.25%,4885580,0
07/13/2009,13.5571,15.0071,13.3929,14.9714,1.4285,+10.55%,3395924,0
07/06/2009,14.0571,14.0643,13.2143,13.5429,-0.5428,-3.85%,3892336,0
06/29/2009,14.6,14.9643,13.7786,14.0857,-0.4714,-3.24%,4855550,0
06/22/2009,13.4,14.6071,13.1,14.5571,1.0642,+7.89%,4992959,0
06/15/2009,13.6643,13.6857,12.9786,13.4929,-0.3357,-2.43%,4376091,0
06/08/2009,14.1429,14.3571,13.5286,13.8286,-0.3857,-2.71%,3847507,0
06/01/2009,13.1714,14.5286,13.1714,14.2143,1.1929,+9.16%,4857776,0
05/25/2009,12.6143,13.0714,12.4286,13.0214,0.3857,+3.05%,3283385,0
05/18/2009,12.5857,13.5714,12.3571,12.6357,0.0286,+0.23%,3933328,0
05/11/2009,13.6214,13.6929,12.3286,12.6071,-1.2072,-8.74%,4448892,0
05/04/2009,13.4357,13.8714,13.2643,13.8143,0.3786,+2.82%,4062296,0
04/27/2009,11.9143,13.5714,11.75,13.4357,1.3643,+11.30%,4778115,0
04/20/2009,12.1143,12.3071,11.4643,12.0714,-0.0786,-0.65%,4831092,0
04/13/2009,12.0071,12.2786,11.5071,12.15,0.0071,+0.06%,4634392,0
04/06/2009,11.65,12.2357,10.9929,12.1429,0.3858,+3.28%,4762345,0
03/30/2009,11.3,11.9786,10.7286,11.7571,0.1785,+1.54%,5550776,0
03/23/2009,10.7143,12.2714,10.7143,11.5786,1.2715,+12.34%,5452719,0
03/16/2009,10.1,10.6786,9.7857,10.3071,0.3142,+3.14%,4291279,0
03/09/2009,8.9286,10.1,8.8214,9.9929,0.9572,+10.59%,5352592,0
03/02/2009,9.6286,9.7857,8.5857,9.0357,-0.8714,-8.80%,7001848,0
02/23/2009,10.95,11.0286,9.8571,9.9071,-0.9358,-8.63%,6143312,0
02/16/2009,12.6214,12.8429,10.6929,10.8429,-2.35,-17.81%,9385319,0
02/09/2009,13.6714,13.8643,12.8286,13.1929,-0.5928,-4.30%,4957764,0
02/02/2009,12.7071,14.0643,12.6786,13.7857,0.8714,+6.75%,5404532,0
01/26/2009,13.35,13.8357,12.8286,12.9143,-0.4,-3.00%,5755988,0
01/19/2009,14.2929,14.3143,12.8643,13.3143,-0.6214,-4.46%,6308645,0
01/12/2009,13.4714,14.2714,12.8857,13.9357,0.7071,+5.35%,8659084,0
01/05/2009,11.5143,13.5214,11.4286,13.2286,1.6286,+14.04%,8439844,0
12/29/2008,11.0429,11.6429,10.5429,11.6,0.5643,+5.11%,6459705,0
12/22/2008,11.6429,11.6429,10.9643,11.0357,-0.5929,-5.10%,3873940,0
12/15/2008,12.4286,12.5,11.4143,11.6286,-0.7928,-6.38%,12896492,0
12/08/2008,12.6214,13.1571,11.8857,12.4214,0.0928,+0.75%,10004595,0
12/01/2008,12.9,13.1571,11.6929,12.3286,-1.1214,-8.34%,4514355,0
11/24/2008,12.5,13.8571,12.2714,13.45,1.1,+8.91%,4314940,0
11/17/2008,14.1714,14.3357,11.2714,12.35,-2.4714,-16.67%,4712568,0
11/10/2008,15.75,16.2214,12.8929,14.8214,-0.7786,-4.99%,4374047,0
11/03/2008,15.8429,17.9071,15.1857,15.6,-0.25,-1.58%,3786552,0
10/27/2008,13.8929,16.5571,13.3929,15.85,1.7429,+12.35%,4732336,0
10/20/2008,16.2929,17.1,13.5,14.1071,-2.0429,-12.65%,4237184,0
10/13/2008,16.7357,19.6357,14.6929,16.15,0.0929,+0.58%,4327288,0
10/06/2008,19.8571,19.8571,14.75,16.0571,-4.1429,-20.51%,6222720,0
09/29/2008,21.6929,21.85,20.0286,20.2,-1.8929,-8.57%,5126436,0
09/22/2008,23.4143,23.4143,21.5286,22.0929,-1.4142,-6.02%,5063912,0
09/15/2008,22.3929,23.5714,21,23.5071,0.6142,+2.68%,4543924,0
09/08/2008,23.8429,23.9429,22.2214,22.8929,-0.5285,-2.26%,3212132,0
09/01/2008,25.0643,25.5,22.6786,23.4214,-1.4072,-5.67%,3406375,0
08/25/2008,25.0786,25.3643,24.2357,24.8286,-0.4428,-1.75%,2292080,0
08/18/2008,26,26,24.5071,25.2714,-0.7072,-2.72%,3093804,0
08/11/2008,26.4929,26.6071,25.45,25.9786,-0.45,-1.70%,3325195,0
08/04/2008,25.5357,26.6071,25.2143,26.4286,0.8143,+3.18%,2928660,0
07/28/2008,25.8429,26.3714,25.1857,25.6143,-0.25,-0.97%,2917516,0
07/21/2008,25.55,25.9143,24.6786,25.8643,0.4572,+1.80%,3367615,0
07/14/2008,25.75,25.75,24.5714,25.4071,-0.0858,-0.34%,3890096,0
07/07/2008,24.9214,25.8357,24.6643,25.4929,0.6858,+2.76%,4030180,0
06/30/2008,25.5,25.7643,24.7143,24.8071,-0.6143,-2.42%,4446995,0
06/23/2008,26.7071,27.0071,25.2714,25.4214,-1.4143,-5.27%,4150468,0
06/16/2008,26.4286,27.1429,26.0857,26.8357,0.1857,+0.70%,4951324,0
06/09/2008,26.1714,26.7714,25.8143,26.65,0.5714,+2.19%,3063451,0
06/02/2008,26.3786,26.9643,26.0143,26.0786,-0.6285,-2.35%,3906140,0
05/26/2008,25.5071,26.7857,25.4571,26.7071,1.0428,+4.06%,3989299,0
05/19/2008,24.8929,26.3286,24.8214,25.6643,0.6,+2.39%,4104576,0
05/12/2008,22.9143,25.5357,22.7357,25.0643,2.2786,+10.00%,5611648,0
05/05/2008,22.95,23.0357,22.2,22.7857,-0.1214,-0.53%,2677304,0
04/28/2008,22.5714,22.95,21.35,22.9071,0.3857,+1.71%,4326812,0
04/21/2008,21.9429,22.7071,21.4,22.5214,0.4,+1.81%,2825228,0
04/14/2008,21.5214,22.3571,20.5643,22.1214,0.6,+2.79%,3648792,0
04/07/2008,22.6571,22.85,21.4286,21.5214,-1.1286,-4.98%,2476991,0
03/31/2008,21.0786,22.8357,20.9286,22.65,1.5214,+7.20%,2847880,0
03/24/2008,21.2357,21.8357,20.8643,21.1286,-0.0571,-0.27%,3020303,0
03/17/2008,20.6286,22.0214,20.6286,21.1857,0.0143,+0.07%,4383925,0
03/10/2008,21.4357,22.35,20.9643,21.1714,-0.3072,-1.43%,4046812,0
03/03/2008,21.8786,22.0286,21.3,21.4786,-0.3857,-1.76%,3639664,0
02/25/2008,22.4429,23.1714,21.7929,21.8643,-0.5714,-2.55%,4963056,0
02/18/2008,22.1,22.8357,21.8429,22.4357,0.5428,+2.48%,4746945,0
02/11/2008,22.8571,23.6857,21.7714,21.8929,-0.9642,-4.22%,6956600,0
02/04/2008,24.5643,24.9,22.7214,22.8571,-1.7572,-7.14%,5467420,0
01/28/2008,23.6929,24.9357,23.4214,24.6143,0.9072,+3.83%,5356260,0
01/21/2008,22.8357,24.3214,22.3286,23.7071,-0.3358,-1.40%,5442185,0
01/14/2008,27.0214,27.0214,23.6429,24.0429,-1.6714,-6.50%,5457116,0
01/07/2008,25.2429,26.7214,24.8,25.7143,0.8786,+3.54%,5255320,0
12/31/2007,26.6429,26.6786,24.8,24.8357,-1.9429,-7.26%,3292380,0
12/24/2007,26.4929,26.8071,26.2857,26.7786,0.2143,+0.81%,2240735,0
12/17/2007,25.7714,26.6714,24.9857,26.5643,0.6286,+2.42%,3059000,0
12/10/2007,27.1714,27.2643,25.9,25.9357,-1.2143,-4.47%,2838135,0
12/03/2007,26.7714,27.3143,26.7357,27.15,0.1286,+0.48%,2816128,0
11/26/2007,26.3143,27.2429,26,27.0214,0.6571,+2.49%,3385396,0
11/19/2007,26.0143,26.5071,25.5214,26.3643,0.1357,+0.52%,3338580,0
11/12/2007,23.4786,26.4,23.4786,26.2286,2.3786,+9.97%,4274815,0
11/05/2007,25.1071,25.8929,23.7714,23.85,-1.8786,-7.30%,3374896,0
10/29/2007,25.8857,26.4714,25.3357,25.7286,-0.0071,-0.03%,2129400,0
10/22/2007,26.3643,26.7,25.3143,25.7357,-0.9072,-3.41%,2313975,0
10/15/2007,27.0786,28.0857,26.5857,26.6429,-0.2214,-0.82%,2659580,0
10/08/2007,26.95,27.3143,26.55,26.8643,-0.1286,-0.48%,1713516,0
10/01/2007,26.4071,27.0929,26.0214,26.9929,0.65,+2.47%,2971052,0
09/24/2007,26.2643,26.5786,25.9643,26.3429,-0.0214,-0.08%,2620184,0
09/17/2007,25.7,26.8071,25.55,26.3643,0.5357,+2.07%,2796696,0
09/10/2007,26.0214,26.1357,25.5429,25.8286,-0.0857,-0.33%,2552144,0
09/03/2007,26.1357,26.2,25.6,25.9143,-0.0857,-0.33%,2532845,0
08/27/2007,25.0857,26.1,24.7143,26,0.8571,+3.41%,3026156,0
08/20/2007,24.0857,25.1857,23.6429,25.1429,0.9786,+4.05%,3233104,0
08/13/2007,25.7143,26.5,22.25,24.1643,-1.3714,-5.37%,7372427,0
08/06/2007,27.3286,28.1214,25.2,25.5357,-1.5929,-5.87%,4930043,0
07/30/2007,26.7643,27.8571,26.6143,27.1286,0.2429,+0.90%,5033504,0
07/23/2007,28.5714,28.8714,26.8857,26.8857,-1.2429,-4.42%,3841908,0
07/16/2007,28.3786,28.6071,27.9786,28.1286,-0.4143,-1.45%,2933504,0
07/09/2007,28.2857,28.8571,28.2143,28.5429,0.1,+0.35%,3131379,0
07/02/2007,27.6429,28.5,27.4643,28.4429,0.9858,+3.59%,2815295,0
06/25/2007,27.6143,27.8571,27.1,27.4571,-0.15,-0.54%,2673524,0
06/18/2007,27.7143,28.1714,27.1643,27.6071,-0.05,-0.18%,2794679,0
06/11/2007,26.7,27.8571,26.5,27.6571,0.85,+3.17%,2818563,0
06/04/2007,27.1429,27.5929,26.3857,26.8071,-0.5358,-1.96%,3089463,0
05/28/2007,27.5,27.55,27.0357,27.3429,-0.0642,-0.23%,2861390,0
05/21/2007,26.8571,27.8357,26.7857,27.4071,0.2642,+0.97%,4541515,0
05/14/2007,26.0429,27.4786,25.5071,27.1429,1.2786,+4.94%,5593419,0
05/07/2007,26.3929,26.7857,25.3429,25.8643,-0.5643,-2.14%,3948616,0
04/30/2007,24.8357,26.4357,24.5357,26.4286,1.6357,+6.60%,4539023,0
04/23/2007,25.2429,25.45,24.6286,24.7929,-0.55,-2.17%,4258128,0
04/16/2007,24.6429,25.5714,24.5857,25.3429,0.7215,+2.93%,3985240,0
04/09/2007,24.8714,25.1429,24.4571,24.6214,-0.1715,-0.69%,3478748,0
04/02/2007,24.0214,24.9643,23.9214,24.7929,0.7286,+3.03%,3679060,0
03/26/2007,23.5857,24.2571,23.1571,24.0643,0.3357,+1.41%,4103399,0
03/19/2007,22.8429,24.0643,22.7,23.7286,1.05,+4.63%,3673376,0
03/12/2007,22.6429,22.9571,22.4643,22.6786,-0.0071,-0.03%,3653776,0
03/05/2007,21.7143,22.8571,21.6143,22.6857,0.7428,+3.39%,4454240,0
02/26/2007,23.7571,23.8286,21.9214,21.9429,-1.8214,-7.66%,4394319,0
02/19/2007,23.2,23.8643,22.9786,23.7643,0.3572,+1.53%,5107235,0
02/12/2007,23.3,24.3929,23.2286,23.4071,0.0785,+0.34%,4624815,0
02/05/2007,22.6,23.5571,22.3143,23.3286,0.75,+3.32%,3736040,0
01/29/2007,23.0429,23.2143,22.4714,22.5786,-0.5428,-2.35%,3840003,0
01/22/2007,23.3357,23.5714,22.85,23.1214,-0.3072,-1.31%,3513439,0
01/15/2007,23.9357,24.2357,22.7857,23.4286,-0.5714,-2.38%,4162060,0
01/08/2007,24.2714,24.5143,23.8214,24,-0.35,-1.44%,2406740,0
01/01/2007,24.9929,25.3429,23.9,24.35,-0.5429,-2.18%,3419126,0
12/25/2006,24.0714,25.4929,24.0357,24.8929,0.8072,+3.35%,2745120,0
12/18/2006,24.3429,24.9643,24.0429,24.0857,-0.2572,-1.06%,2966740,0
12/11/2006,23.8214,24.5857,23.6143,24.3429,0.4643,+1.94%,3788343,0
12/04/2006,22.8571,24.1643,22.8571,23.8786,1.0429,+4.57%,3630144,0
11/27/2006,23.8929,23.9,22.6286,22.8357,-1.1357,-4.74%,5384624,0
11/20/2006,23.9643,24.2714,23.7143,23.9714,-0.1357,-0.56%,3809505,0
11/13/2006,24.5,25.1071,23.0357,24.1071,-0.4215,-1.72%,7132775,0
11/06/2006,23.5214,24.5786,23.5,24.5286,1.0072,+4.28%,3595368,0
10/30/2006,24.8571,25.5786,23.5,23.5214,-1.3929,-5.59%,3371536,0
10/23/2006,25.0643,25.3429,24.6929,24.9143,-0.0286,-0.11%,2413824,0
10/16/2006,24.6429,25.0857,24.2143,24.9429,0.3,+1.22%,4147836,0
10/09/2006,23.6071,24.8429,23.4071,24.6429,0.8643,+3.63%,3382148,0
10/02/2006,23.2143,23.8571,22.8929,23.7786,0.4286,+1.84%,3210620,0
09/25/2006,23.2357,23.75,22.9,23.35,0.15,+0.65%,3819200,0
09/18/2006,22.0929,23.8571,21.9929,23.2,1.1143,+5.05%,4171747,0
09/11/2006,21.8214,22.6286,21.7857,22.0857,0.1714,+0.78%,4724075,0
09/04/2006,22.3857,22.6071,21.65,21.9143,-0.6,-2.66%,2803885,0
08/28/2006,21.7429,23.0357,21.7286,22.5143,0.75,+3.45%,2898280,0
08/21/2006,22.6429,22.65,21.6786,21.7643,-0.95,-4.18%,2424744,0
08/14/2006,19.6,23.0929,19.5857,22.7143,3.2857,+16.91%,5427884,0
08/07/2006,19.9571,20.1857,19.2571,19.4286,-0.6071,-3.03%,2586724,0
07/31/2006,19.8571,20.7143,19.75,20.0357,0.0928,+0.47%,2779840,0
07/24/2006,19.9214,21.3,19.6214,19.9429,0.0429,+0.22%,5219256,0
07/17/2006,20.4643,21.4,19.6286,19.9,-0.5929,-2.89%,3718847,0
07/10/2006,22.2714,22.4286,19.9143,20.4929,-1.6642,-7.51%,5646088,0
07/03/2006,22.6714,22.8571,21.9571,22.1571,-0.3858,-1.71%,2325715,0
06/26/2006,22.3571,22.9357,21.4786,22.5429,0.2643,+1.19%,4343220,0
06/19/2006,23.8571,23.9571,21.3143,22.2786,-1.5428,-6.48%,3435180,0
06/12/2006,24.0714,24.1714,22.3571,23.8214,-0.2715,-1.13%,6604220,0
06/05/2006,25.2143,25.2643,23.4286,24.0929,-1.2785,-5.04%,3902052,0
05/29/2006,24.6929,25.4357,24.3,25.3714,0.6357,+2.57%,4292610,0
05/22/2006,24.95,25.0857,23.9143,24.7357,-0.25,-1.00%,4390680,0
05/15/2006,26.6786,27.2357,24.6786,24.9857,-1.6214,-6.09%,6912528,0
05/08/2006,27.9286,28.1786,26.5571,26.6071,-1.3572,-4.85%,3283840,0
05/01/2006,27.5357,28.0571,27.4286,27.9643,0.5214,+1.90%,2416539,0
04/24/2006,27.6214,28.2429,27.3,27.4429,-0.2857,-1.03%,2994544,0
04/17/2006,26.1857,28.1786,26.0714,27.7286,1.5357,+5.86%,3955868,0
04/10/2006,26.9714,27.1429,25.7929,26.1929,-0.85,-3.14%,2224424,0
04/03/2006,27,27.5357,26.8929,27.0429,0.2215,+0.83%,3136448,0
03/27/2006,26.5143,26.8929,25.8643,26.8214,0.1285,+0.48%,3365767,0
03/20/2006,27.05,27.0714,26.1929,26.6929,-0.3928,-1.45%,3205776,0
03/13/2006,26,27.2429,26,27.0857,1.1,+4.23%,5318628,0
03/06/2006,25.8571,26.3,25.5357,25.9857,0.1143,+0.44%,3336003,0
02/27/2006,25.6071,26.2429,25.6071,25.8714,0.2143,+0.84%,3179932,0
02/20/2006,24.95,25.9286,24.9429,25.6571,0.6642,+2.66%,4564525,0
02/13/2006,25.1429,25.2286,24.3,24.9929,-0.6285,-2.45%,5323612,0
02/06/2006,24.4786,25.6214,23.9429,25.6214,1.1,+4.49%,4395020,0
01/30/2006,24.3571,25,24.1286,24.5214,0.1357,+0.56%,2832171,0
01/23/2006,24.4286,24.7,24.0643,24.3857,-0.0786,-0.32%,2527476,0
01/16/2006,24.05,25.1786,23.7857,24.4643,0.2072,+0.85%,4262194,0
01/09/2006,24.75,25.0571,23.9929,24.2571,-0.4929,-1.99%,3916500,0
01/02/2006,23.8571,24.85,23.4429,24.75,0.9714,+4.09%,5128480,0
12/26/2005,24.8571,24.8929,23.6357,23.7786,-1.15,-4.61%,3298049,0
12/19/2005,25.1571,25.3571,24.6429,24.9286,-0.2857,-1.13%,4142908,0
12/12/2005,25.1643,25.7143,25.1286,25.2143,0.0214,+0.08%,11622660,0
12/05/2005,25.3571,25.5714,24.3929,25.1929,-0.1571,-0.62%,9058251,0
11/28/2005,25.4286,25.7857,25.1286,25.35,-0.1429,-0.56%,5247620,0
11/21/2005,24.7143,25.5714,24.7071,25.4929,0.5572,+2.23%,4027135,0
11/14/2005,23.4286,24.9643,23.4143,24.9357,1.4143,+6.01%,9576000,0
11/07/2005,23.2857,23.7,23.2071,23.5214,0.0928,+0.40%,4053812,0
10/31/2005,22.1429,23.5857,22.1071,23.4286,1.2857,+5.81%,2880892,0
10/24/2005,22.2071,22.4714,21.4071,22.1429,-0.0642,-0.29%,2696316,0
10/17/2005,22.0214,22.5714,21.7143,22.2071,0.1142,+0.52%,3655315,0
10/10/2005,22.7143,23.6429,21.4714,22.0929,-0.6285,-2.77%,4019344,0
10/03/2005,23.45,23.7857,21.9857,22.7214,-0.6715,-2.87%,5420464,0
09/26/2005,24.1429,24.2714,23.2071,23.3929,-0.6714,-2.79%,5417216,0
09/19/2005,24.1071,24.6071,23.6571,24.0643,-0.1571,-0.65%,4783016,0
09/12/2005,23.4143,24.2857,23.2643,24.2214,0.9214,+3.95%,6661032,0
09/05/2005,22.7857,23.3429,22.7857,23.3,0.3429,+1.49%,4266465,0
08/29/2005,22,23.1571,22,22.9571,0.7428,+3.34%,4494812,0
08/22/2005,21.7214,22.3,21.3929,22.2143,0.3214,+1.47%,7222516,0
08/15/2005,21.2143,22.25,20.9643,21.8929,3.0286,+16.05%,11887988,0
08/08/2005,18.4571,19.0429,17.9857,18.8643,0.3857,+2.09%,2918860,0
08/01/2005,18.7357,19.1286,18.4429,18.4786,-0.2643,-1.41%,1992088,0
07/25/2005,18.2357,19.0214,18.2,18.7429,0.4643,+2.54%,2095744,0
07/18/2005,18.2857,18.6786,18.0571,18.2786,-0.05,-0.27%,2495891,0
07/11/2005,17.8571,18.75,17.8571,18.3286,0.9429,+5.42%,4101495,0
07/04/2005,16.6143,17.45,16.5214,17.3857,0.6714,+4.02%,2776585,0
06/27/2005,17.1071,17.1143,16.3929,16.7143,-0.5214,-3.03%,2548447,0
06/20/2005,17.5357,17.8929,17.2286,17.2357,-0.4572,-2.58%,2457643,0
06/13/2005,17.4643,17.8,17.4286,17.6929,0.1929,+1.10%,1978956,0
06/06/2005,17.6786,17.7571,17.2357,17.5,0.3143,+1.83%,3075632,0
05/30/2005,16.9643,17.4143,16.9357,17.1857,0.1071,+0.63%,2200415,0
05/23/2005,16.6571,17.1286,16.6429,17.0786,0.3572,+2.14%,2255288,0
05/16/2005,15.6071,16.7571,15.15,16.7214,1.0143,+6.46%,4165755,0
05/09/2005,15.2857,16.2214,15.2214,15.7071,0.35,+2.28%,3684268,0
05/02/2005,14.8214,15.4,14.8,15.3571,0.5357,+3.61%,2838444,0
04/25/2005,15.1286,15.4857,14.6,14.8214,-0.25,-1.66%,2910320,0
04/18/2005,14.55,15.2714,14.55,15.0714,0.5,+3.43%,3167696,0
04/11/2005,15.2429,15.3286,14.3643,14.5714,-0.6929,-4.54%,3772383,0
04/04/2005,15.6643,15.6643,15.0571,15.2643,-0.5,-3.17%,4489772,0
03/28/2005,16.2143,16.25,15.5429,15.7643,-0.3857,-2.39%,4096904,0
03/21/2005,15.8929,16.3143,15.8286,16.15,0.1857,+1.16%,3407179,0
03/14/2005,16.6429,17.0643,15.8214,15.9643,-0.7071,-4.24%,4495288,0
03/07/2005,17.2643,17.85,16.6143,16.6714,-0.55,-3.19%,2854124,0
02/28/2005,16.8214,17.6071,16.8214,17.2214,0.4,+2.38%,3120236,0
02/21/2005,16.7286,17.1429,16.2857,16.8214,-0.0143,-0.08%,4339580,0
02/14/2005,16.8143,17.5214,16.65,16.8357,-0.1072,-0.63%,4842824,0
02/07/2005,16.2857,17.1357,16.2143,16.9429,0.9072,+5.66%,3085684,0
01/31/2005,15.6714,16.2643,15.6071,16.0357,0.6,+3.89%,2771328,0
01/24/2005,15.5857,15.8786,15.3071,15.4357,-0.1357,-0.87%,3235932,0
01/17/2005,15.65,16.1143,15.5,15.5714,-0.1786,-1.13%,4500299,0
01/10/2005,16.1929,16.2286,15.4786,15.75,-0.4714,-2.91%,3396343,0
01/03/2005,17.2143,17.2714,16.1643,16.2214,-0.9929,-5.77%,3366384,0
12/27/2004,17.0857,17.4714,16.9286,17.2143,0.0929,+0.54%,2056067,0
12/20/2004,17.0714,17.2786,16.7929,17.1214,0.1071,+0.63%,2163525,0
12/13/2004,17.0286,17.5929,16.7714,17.0143,0.0929,+0.55%,2895088,0
12/06/2004,17.25,17.6286,16.3429,16.9214,-0.3715,-2.15%,2406460,0
11/29/2004,16.5286,17.7143,16.2786,17.2929,0.75,+4.53%,2731343,0
11/22/2004,16.4357,16.6857,16.2357,16.5429,0.0215,+0.13%,2182984,0
11/15/2004,15.9143,16.75,15.8929,16.5214,0.3928,+2.44%,4738020,0
11/08/2004,17.7929,18.5,15.6429,16.1286,-1.8785,-10.43%,7667436,0
11/01/2004,17.8214,18.4714,17.4143,18.0071,0.1071,+0.60%,3637564,0
10/25/2004,16.9071,18.0786,16.8714,17.9,0.8286,+4.85%,3169571,0
10/18/2004,16.2857,17.6357,16,17.0714,0.7928,+4.87%,4445756,0
10/11/2004,16.1357,16.5071,15.45,16.2786,0.4,+2.52%,4381104,0
10/04/2004,16.7143,16.9857,15.8214,15.8786,-0.5428,-3.31%,4075876,0
09/27/2004,15.5,16.45,14.9714,16.4214,0.8357,+5.36%,3560508,0
09/20/2004,16.3071,16.8571,15.5714,15.5857,-0.7714,-4.72%,3251444,0
09/13/2004,16.3,16.5714,15.8571,16.3571,0.1357,+0.84%,3258724,0
09/06/2004,14.75,16.2214,14.3857,16.2214,1.6714,+11.49%,4530750,0
08/30/2004,15.3571,15.3857,14.3,14.55,-0.9071,-5.87%,4298728,0
08/23/2004,15.9571,16.0714,15.2071,15.4571,-0.4,-2.52%,2988188,0
08/16/2004,14.5357,15.95,14.5286,15.8571,1.2,+8.19%,3339336,0
08/09/2004,15.6214,16.4286,13.9357,14.6571,-0.95,-6.09%,7154839,0
08/02/2004,17.0143,17.2571,15.55,15.6071,-1.4,-8.23%,2834523,0
07/26/2004,16.8571,17.1571,16.1643,17.0071,0.1785,+1.06%,4761260,0
07/19/2004,18.0071,18.8929,16.8286,16.8286,-1.25,-6.91%,4477144,0
07/12/2004,18.9286,19.0357,18.0357,18.0786,-1.0928,-5.70%,3363332,0
07/05/2004,20.0571,20.7071,19.1357,19.1714,-1.0215,-5.06%,3135229,0
06/28/2004,21.0786,21.2,20.0571,20.1929,-0.8857,-4.20%,3976951,0
06/21/2004,18.4929,21.1071,18.1643,21.0786,2.8143,+15.41%,5425168,0
06/14/2004,18.75,18.75,18.1286,18.2643,-0.5214,-2.78%,3126059,0
06/07/2004,18.1786,19.1,18.1571,18.7857,0.7714,+4.28%,3877475,0
05/31/2004,18.1786,18.4857,17.8929,18.0143,-0.3428,-1.87%,4721324,0
05/24/2004,17.5143,18.4357,17,18.3571,0.9428,+5.41%,5369252,0
05/17/2004,18.7143,18.9071,17.2357,17.4143,-0.8643,-4.73%,7544670,0
05/10/2004,18.4643,18.8571,17.8929,18.2786,-0.5143,-2.74%,5080851,0
05/03/2004,19.3214,19.7786,18.5714,18.7929,-0.5,-2.59%,4667152,0
04/26/2004,21.0714,21.2929,19.2214,19.2929,-1.7785,-8.44%,2954672,0
04/19/2004,21.4643,21.8429,20.3857,21.0714,-0.45,-2.09%,3891748,0
04/12/2004,22.7357,23.05,21,21.5214,-1.2143,-5.34%,3262056,0
04/05/2004,23.0214,23.3571,22.5,22.7357,-0.35,-1.52%,2941540,0
03/29/2004,22.1429,23.1429,22.1429,23.0857,1.0928,+4.97%,3610880,0
03/22/2004,21.6786,22.2643,20.5714,21.9929,0.1715,+0.79%,4919096,0
03/15/2004,22.5786,22.8214,20.9571,21.8214,-0.7857,-3.48%,4921476,0
03/08/2004,24.8571,24.9071,21.5714,22.6071,-2.2572,-9.08%,6435520,0
03/01/2004,24.3857,25,24.0714,24.8643,0.4429,+1.81%,3042144,0
02/23/2004,24.9429,24.95,23.7143,24.4214,-0.6143,-2.45%,4404596,0
02/16/2004,26.4857,26.8714,24.9643,25.0357,-1.45,-5.47%,6683424,0
02/09/2004,26.35,26.8643,26.2143,26.4857,0.1643,+0.62%,3446856,0
02/02/2004,26.3929,26.6071,25.1071,26.3214,-0.0072,-0.03%,4276496,0
01/26/2004,23.6429,27.7143,23.5786,26.3286,2.4429,+10.23%,11331320,0
01/19/2004,24.4643,25.0429,23.7429,23.8857,-0.5786,-2.37%,4836965,0
01/12/2004,22.8929,24.55,22.5714,24.4643,1.5714,+6.86%,5255936,0
01/05/2004,21.0714,23.1714,20.8643,22.8929,2.3215,+11.29%,5188148,0
12/29/2003,19.9857,21.0143,19.9286,20.5714,0.6071,+3.04%,2470965,0
12/22/2003,20,20.3571,19.8857,19.9643,-0.0286,-0.14%,1758855,0
12/15/2003,19.6,20.1786,19.1143,19.9929,0.5286,+2.72%,3609116,0
12/08/2003,19.2357,19.9214,18.7786,19.4643,0.2357,+1.23%,3266676,0
12/01/2003,20.3143,20.3143,19.1286,19.2286,-0.9714,-4.81%,3911376,0
11/24/2003,19.4571,20.2286,19.4214,20.2,0.7786,+4.01%,2572745,0
11/17/2003,19.0429,20.9643,18.2857,19.4214,0.4143,+2.18%,5649840,0
11/10/2003,19.0714,19.5714,18.2143,19.0071,-0.15,-0.78%,3449152,0
11/03/2003,17.85,19.4286,17.8357,19.1571,1.3571,+7.62%,3397127,0
10/27/2003,16.5143,18.0786,16.2286,17.8,1.3214,+8.02%,3253236,0
10/20/2003,17.0714,17.3,16.1786,16.4786,-0.65,-3.79%,1797851,0
10/13/2003,17,17.5,16.9286,17.1286,0.2,+1.18%,2309860,0
10/06/2003,16.4286,17.1143,16.2143,16.9286,0.5,+3.04%,1949808,0
09/29/2003,16.0429,16.7643,15.6,16.4286,0.4429,+2.77%,3254076,0
09/22/2003,17.5357,17.6357,15.9357,15.9857,-1.9,-10.62%,2899764,0
09/15/2003,17.7143,17.9214,17.2857,17.8857,0.05,+0.28%,3360280,0
09/08/2003,18.1643,18.9143,17.4357,17.8357,-0.3786,-2.08%,3622751,0
09/01/2003,17.4286,18.3,17.2857,18.2143,0.8429,+4.85%,5025930,0
08/25/2003,17.2714,17.6571,16.8429,17.3714,0.0071,+0.04%,3095820,0
08/18/2003,15.5571,18.0714,15.5429,17.3643,1.8072,+11.62%,4688712,0
08/11/2003,14.85,15.6214,14.7786,15.5571,0.7785,+5.27%,1409883,0
08/04/2003,15.3714,15.5786,14.5071,14.7786,-0.6143,-3.99%,1901620,0
07/28/2003,15.4643,15.8214,15.2286,15.3929,-0.1285,-0.83%,2231908,0
07/21/2003,15,15.9071,14.5857,15.5214,0.35,+2.31%,2913288,0
07/14/2003,15.6786,16.1714,14.9214,15.1714,-0.3286,-2.12%,4262580,0
07/07/2003,14.3857,15.6786,14.3857,15.5,1.2214,+8.55%,3562888,0
06/30/2003,13.9286,14.5286,13.7857,14.2786,0.3143,+2.25%,3991295,0
06/23/2003,13.5714,14.2429,13.1071,13.9643,0.35,+2.57%,3021339,0
06/16/2003,13.5571,14.1286,13.5214,13.6143,0.1,+0.74%,2472595,0
06/09/2003,13.5714,13.7929,11.8571,13.5143,-0.2786,-2.02%,2686767,0
06/02/2003,13.5714,14.25,13.25,13.7929,0.8429,+6.51%,4362736,0
05/26/2003,11.3929,13.0929,11.3,12.95,1.3357,+11.50%,3636605,0
05/19/2003,11.5,11.7071,11.0571,11.6143,-0.1786,-1.51%,3745952,0
05/12/2003,11.2286,11.9571,11.2286,11.7929,0.1286,+1.10%,2792299,0
05/05/2003,11.6643,11.7429,11.25,11.6643,0.0572,+0.49%,3106319,0
04/28/2003,11.1071,11.65,11.0286,11.6071,0.45,+4.03%,2475620,0
04/21/2003,10.6786,11.7143,10.5714,11.1571,0.4857,+4.55%,2996700,0
04/14/2003,9.9643,10.6857,9.9143,10.6714,0.6785,+6.79%,2268560,0
04/07/2003,10.5571,10.8071,9.6143,9.9929,-0.2642,-2.58%,2398844,0
03/31/2003,9.5571,10.4286,9.2857,10.2571,0.3142,+3.16%,2552564,0
03/24/2003,10.4643,10.5286,9.8643,9.9429,-0.6285,-5.95%,2180248,0
03/17/2003,9.5643,10.7143,9.2929,10.5714,1.0071,+10.53%,3365432,0
03/10/2003,9.3929,9.6786,8.65,9.5643,0,0.00%,2792160,0
03/03/2003,9.5714,9.75,9,9.5643,0.1357,+1.44%,2493456,0
02/24/2003,9.5,9.6429,9.0214,9.4286,-0.1785,-1.86%,2701468,0
02/17/2003,9.0143,9.7857,8.8143,9.6071,0.6857,+7.69%,4327820,0
02/10/2003,8.1786,9.1571,8.1429,8.9214,0.7428,+9.08%,5995724,0
02/03/2003,11.7714,12.0143,8.0714,8.1786,-3.5928,-30.52%,8313396,0
01/27/2003,11.6857,12.2143,11.3,11.7714,-0.1572,-1.32%,2756544,0
01/20/2003,13.1429,13.2143,11.9286,11.9286,-0.9643,-7.48%,3150979,0
01/13/2003,14.2714,14.4429,12.7286,12.8929,-1.3214,-9.30%,2929135,0
01/06/2003,13.5714,14.5,13.4071,14.2143,0.6072,+4.46%,4171132,0
12/30/2002,12.8929,13.8857,12.5357,13.6071,0.6071,+4.67%,2485770,0
12/23/2002,12.7857,13.3357,12.7429,13,0.1429,+1.11%,2160900,0
12/16/2002,12.2857,12.8571,11.7643,12.8571,0.5714,+4.65%,2771160,0
12/09/2002,11.8571,12.7071,11.6786,12.2857,0.2928,+2.44%,3307024,0
12/02/2002,14.1071,14.3929,11.7571,11.9929,-1.8714,-13.50%,3481716,0
11/25/2002,12.9286,14.0357,12.8357,13.8643,0.8286,+6.36%,3286325,0
11/18/2002,9.7857,13.3929,9.6571,13.0357,3.1786,+32.25%,8156708,0
11/11/2002,9.8429,10.3143,9.4214,9.8571,-0.1786,-1.78%,2496956,0
11/04/2002,10.5357,11.1786,9.8429,10.0357,-0.3786,-3.64%,2689792,0
10/28/2002,9.3929,10.4571,8.8214,10.4143,1.1714,+12.67%,3390156,0
10/21/2002,8.5,9.6786,8.2786,9.2429,0.6,+6.94%,3925151,0
10/14/2002,7.6429,8.7,7.5,8.6429,0.8572,+11.01%,3813459,0
10/07/2002,8.4357,8.9286,7.6429,7.7857,-0.6429,-7.63%,5031824,0
09/30/2002,9.1786,9.6143,8.3929,8.4286,-0.9214,-9.85%,3463823,0
09/23/2002,9.9286,10.2214,9.35,9.35,-0.6286,-6.30%,3770843,0
09/16/2002,10.6429,10.85,9.8214,9.9786,-0.7214,-6.74%,3815588,0
09/09/2002,10.0786,11.4857,9.4643,10.7,0.5929,+5.87%,4159904,0
09/02/2002,9.5214,10.25,9.1143,10.1071,0.5142,+5.36%,6022450,0
08/26/2002,11.4429,11.7071,9.5214,9.5929,-1.85,-16.17%,5071079,0
08/19/2002,11.3286,12.6071,11.25,11.4429,0.0429,+0.38%,4926152,0
08/12/2002,11.6429,11.9643,10.7571,11.4,-0.5429,-4.55%,3288851,0
08/05/2002,12.1429,12.3571,11.0214,11.9429,-0.0857,-0.71%,2274440,0
07/29/2002,12.8571,13.5,11.6071,12.0286,-0.3357,-2.72%,3335276,0
07/22/2002,14.6071,14.9286,11.4286,12.3643,-2.4571,-16.58%,4379396,0
07/15/2002,16.8,17.4786,14.5571,14.8214,-2.2286,-13.07%,3606063,0
07/08/2002,17.1429,17.3571,15.4286,17.05,0.6214,+3.78%,3507139,0
07/01/2002,16.75,17.3214,15.3643,16.4286,-0.4643,-2.75%,3483095,0
06/24/2002,17.5714,17.7786,16.0786,16.8929,-0.2214,-1.29%,2854768,0
06/17/2002,17.1071,18.55,16.8071,17.1143,0.3286,+1.96%,4029704,0
06/10/2002,16.9286,18.5714,16.4286,16.7857,-0.1429,-0.84%,4319000,0
06/03/2002,18.9214,18.9643,16.8,16.9286,-1.9071,-10.12%,3214120,0
05/27/2002,19.5357,19.9214,18.1786,18.8357,-0.6643,-3.41%,2777459,0
05/20/2002,21.1786,21.75,19.3929,19.5,-1.9357,-9.03%,3096660,0
05/13/2002,20.4286,22.3214,20.2286,21.4357,1.4714,+7.37%,4666480,0
05/06/2002,20.2,21.8571,19.5857,19.9643,-0.4,-1.96%,3863244,0
04/29/2002,21.25,22.0357,20.25,20.3643,-1.0357,-4.84%,3548132,0
04/22/2002,24.6857,24.75,21.2857,21.4,-3.6,-14.40%,4210303,0
04/15/2002,23.1071,25.1929,22.8214,25,1.8929,+8.19%,4737683,0
04/08/2002,23.75,24.7357,22.7786,23.1071,-1.1,-4.54%,3885504,0
04/01/2002,24.95,26.3929,24.0714,24.2071,-0.7643,-3.06%,3868480,0
03/25/2002,24.6,25.2571,23.6,24.9714,0.4214,+1.72%,3873414,0
03/18/2002,26.65,27.1429,24.3571,24.55,-2.1,-7.88%,3847732,0
03/11/2002,25.7786,26.7857,25.1071,26.65,0.8714,+3.38%,4752019,0
03/04/2002,23.6071,25.9714,23.4286,25.7786,2.2143,+9.40%,4525668,0
02/25/2002,20.3571,23.7857,20.3214,23.5643,3.3786,+16.74%,4256252,0
02/18/2002,19.1429,21.2857,18.5714,20.1857,0.5428,+2.76%,3707164,0
02/11/2002,18.2143,19.7643,18.2143,19.6429,1.0858,+5.85%,3035368,0
02/04/2002,20.7857,21.2143,17.7357,18.5571,-2.5929,-12.26%,3233104,0
01/28/2002,20.7286,21.7,20.1071,21.15,0.3929,+1.89%,2406432,0
01/21/2002,20.2857,20.9286,19.2286,20.7571,0.4142,+2.04%,2271990,0
01/14/2002,21.7857,22.25,20.1714,20.3429,-1.8285,-8.25%,2806748,0
01/07/2002,23.3429,23.7857,21.9357,22.1714,-1.2429,-5.31%,3113712,0
12/31/2001,20.5,23.5286,20.3214,23.4143,2.7357,+13.23%,4225270,0
12/24/2001,20.3429,20.8571,20.0071,20.6786,0.7143,+3.58%,1808485,0
12/17/2001,20.3429,21.05,19.5857,19.9643,-0.6286,-3.05%,3627259,0
12/10/2001,21.8286,22.0357,20.0071,20.5929,-0.9428,-4.38%,3707004,0
12/03/2001,19.4286,22.05,19.2143,21.5357,2.0571,+10.56%,4511500,0
11/26/2001,17.9571,19.7071,17.8857,19.4786,1.55,+8.65%,6102375,0
11/19/2001,17.1429,17.9286,16.8214,17.9286,0.6929,+4.02%,9421335,0
11/12/2001,17.4,18.3571,16.1429,17.2357,-0.4786,-2.70%,4356016,0
11/05/2001,16.75,18.3857,16.75,17.7143,1.0714,+6.44%,2125032,0
10/29/2001,17.0429,17.05,15.75,16.6429,-0.7428,-4.27%,1650263,0
10/22/2001,16.2143,17.6071,15.9286,17.3857,0.7,+4.20%,1866004,0
10/15/2001,16.7286,17.7071,15.9857,16.6857,0,0.00%,1996792,0
10/08/2001,14.9286,17.4,14.6071,16.6857,1.6143,+10.71%,2735459,0
10/01/2001,13.6786,16.0714,13.3714,15.0714,1.1071,+7.93%,3169683,0
09/24/2001,14.6429,15.4929,13.1571,13.9643,-0.4286,-2.98%,2999276,0
09/17/2001,15.1071,16.4286,12.8571,14.3929,-2.0714,-12.58%,3359720,0
09/10/2001,16.0714,16.5571,15.9714,16.4643,-0.2143,-1.28%,2750300,0
09/03/2001,18.8214,19.25,16.5071,16.6786,-2.25,-11.89%,3073489,0
08/27/2001,20.0214,20.0286,18.4643,18.9286,-0.9214,-4.64%,1727208,0
08/20/2001,18.6429,20.0357,17.3571,19.85,0.9571,+5.07%,3602703,0
08/13/2001,20.7143,21.2143,18.7,18.8929,-1.5285,-7.48%,1937320,0
08/06/2001,22.3643,22.9,19.65,20.4214,-1.9357,-8.66%,2060856,0
07/30/2001,20.75,23.3571,20.3071,22.3571,0.8571,+3.99%,2295691,0
07/23/2001,20.7071,21.5643,19.2286,21.5,0.8571,+4.15%,2250164,0
07/16/2001,21.5357,21.8857,19.9286,20.6429,-1,-4.62%,2115231,0
07/09/2001,21.5357,22.9214,18.7143,21.6429,0.1072,+0.50%,3073168,0
07/02/2001,23.2143,23.9286,20.8143,21.5357,-1.6786,-7.23%,1850730,0
06/25/2001,21.0357,24.3571,20.3214,23.2143,2.2143,+10.54%,3812060,0
06/18/2001,21.6429,22.1929,19.4643,21,-0.7571,-3.48%,3399340,0
06/11/2001,24.5714,25,20.7143,21.7571,-3.25,-13.00%,3002328,0
06/04/2001,24.2857,26.0357,23.7857,25.0071,0.7428,+3.06%,2353120,0
05/28/2001,26.8929,26.8929,23.0357,24.2643,-2.6571,-9.87%,3200365,0
05/21/2001,25.7143,28.4286,25.5,26.9214,1.2071,+4.69%,3628660,0
05/14/2001,28.4429,28.45,25.3571,25.7143,-2.6357,-9.30%,3931340,0
05/07/2001,27.4429,29.4143,26.7143,28.35,0.9429,+3.44%,2130071,0
04/30/2001,28.1429,28.8929,26.5071,27.4071,-0.3,-1.08%,1961372,0
04/23/2001,28.2143,29.2643,26.0714,27.7071,-1.15,-3.99%,2525292,0
04/16/2001,23.7143,29.2857,22.6929,28.8571,4.6,+18.96%,3289888,0
04/09/2001,19.6571,24.6429,19.3071,24.2571,4.4,+22.16%,3137540,0
04/02/2001,23.0357,23.2643,17.8571,19.8571,-2.0929,-9.53%,4450487,0
03/26/2001,26.5143,26.9214,21.4286,21.95,-5.0714,-18.77%,4808244,0
03/19/2001,24.7143,28.2143,21.1143,27.0214,2.2,+8.86%,5004636,0
03/12/2001,25.7143,26.3429,24.2571,24.8214,-1.6429,-6.21%,3358263,0
03/05/2001,27.1714,30.2714,26.1786,26.4643,-0.7,-2.58%,2837296,0
02/26/2001,26.9214,28.7429,24.5714,27.1643,-0.1928,-0.70%,3890096,0
02/19/2001,35.1429,35.3214,25.3929,27.3571,-8.3572,-23.40%,6970530,0
02/12/2001,37.3571,39.2857,33.8286,35.7143,-1.7857,-4.76%,4139240,0
02/05/2001,38.2857,39.1,34.2857,37.5,0.2143,+0.57%,3062303,0
01/29/2001,39.6429,40.3571,37.1429,37.2857,-1.7357,-4.45%,2905699,0
01/22/2001,46.8786,46.8786,37.6357,39.0214,-7.8072,-16.67%,3843448,0
01/15/2001,40.1786,48.5714,39.5071,46.8286,6.7357,+16.80%,6045935,0
01/08/2001,38.75,41.4286,37.0071,40.0929,0.7643,+1.94%,2647736,0
01/01/2001,38.4857,42.6357,33.9714,39.3286,0.2215,+0.57%,3615115,0
12/25/2000,39.1071,40.3143,37.8571,39.1071,0.0428,+0.11%,2293375,0
12/18/2000,40.6286,42.8571,35.6286,39.0643,-1.5643,-3.85%,3597888,0
12/11/2000,41.8786,42.6357,38.9286,40.6286,-1.8285,-4.31%,3953824,0
12/04/2000,37.1857,42.7714,36.0714,42.4571,4.6,+12.15%,4046644,0
11/27/2000,36.3857,39.0643,35.7143,37.8571,1.4714,+4.04%,3908044,0
11/20/2000,33.4857,36.7857,31.2929,36.3857,2.5428,+7.51%,4921420,0
11/13/2000,27.9929,33.9286,27.1857,33.8429,5.6715,+20.13%,4603368,0
11/06/2000,33.5286,33.75,25,28.1714,-5.2643,-15.74%,3178812,0
10/30/2000,32.0071,34.7786,31.25,33.4357,0.7571,+2.32%,3172568,0
10/23/2000,33.2571,37.0571,30,32.6786,-0.5785,-1.74%,4972296,0
10/16/2000,32.0571,34.7786,28.0357,33.2571,1.5571,+4.91%,4392724,0
10/09/2000,37.2357,37.8143,30.5786,31.7,-5.5786,-14.96%,4012231,0
10/02/2000,35.0929,42.0571,35.0929,37.2786,2.3215,+6.64%,4183228,0
09/25/2000,35.8929,37.1,31.7,34.9571,-0.7572,-2.12%,3455592,0
09/18/2000,40.8071,41.2071,33.5714,35.7143,-5,-12.28%,3259032,0
09/11/2000,42.1429,42.1429,38.2571,40.7143,-1.6071,-3.80%,3339616,0
09/04/2000,44.0643,44.6429,42.2357,42.3214,-1.8786,-4.25%,2107804,0
08/28/2000,41.65,45.7143,40.8929,44.2,2.4143,+5.78%,3964828,0
08/21/2000,41.6071,43.35,40.9357,41.7857,1.5143,+3.76%,4463676,0
08/14/2000,30,41.5214,29.6429,40.2714,11.25,+38.76%,8188516,0
08/07/2000,29.0214,29.4643,27.2786,29.0214,0.4071,+1.42%,4388747,0
07/31/2000,29.3286,30.1357,27.5429,28.6143,-0.85,-2.88%,6905387,0
07/24/2000,35.7143,35.85,28.2143,29.4643,-4.8643,-14.17%,10810408,0
07/17/2000,54.9143,57.8143,33.0357,34.3286,-20.7143,-37.63%,10684576,0
07/10/2000,48.3929,55.8929,47.2357,55.0429,6.8286,+14.16%,5362867,0
07/03/2000,52.8571,52.9929,47.6786,48.2143,-4.4643,-8.47%,4704035,0
06/26/2000,53.5714,57.2786,52.5929,52.6786,-0.9857,-1.84%,6964131,0
06/19/2000,44.3786,57.1,44.3786,53.6643,8.9286,+19.96%,7653043,0
06/12/2000,51.8786,51.8786,44.2857,44.7357,-5.8929,-11.64%,6467160,0
06/05/2000,57.8571,59.8214,46.7857,50.6286,-7.7643,-13.30%,10633168,0
05/29/2000,47.2786,58.5714,47.1857,58.3929,11.9643,+25.77%,7702589,0
05/22/2000,47.8571,49.1071,38.5714,46.4286,-1.1643,-2.45%,6735064,0
05/15/2000,64.2857,69.2429,47.2357,47.5929,-17.0928,-26.42%,6822788,0
05/08/2000,65.6286,70,54.1071,64.6857,-0.6286,-0.96%,3935036,0
05/01/2000,63.3071,74.3786,63.0357,65.3143,2.0072,+3.17%,2189964,0
04/24/2000,62.2357,68.2571,60.7571,63.3071,-0.9358,-1.46%,1574188,0
04/17/2000,57.1857,65.5357,52.1857,64.2429,5.1786,+8.77%,2601934,0
04/10/2000,87.1429,87.1429,57.8571,59.0643,-28.0786,-32.22%,3165904,0
04/03/2000,73.5714,89.2857,58.5714,87.1429,12.8572,+17.31%,2395987,0
03/27/2000,84.4214,87.1,64.2857,74.2857,-11.4286,-13.33%,1854188,0
03/20/2000,86.0286,88.3929,75.5357,85.7143,-0.8071,-0.93%,1822464,0
03/13/2000,92.9,99.2429,80,86.5214,-14.9072,-14.70%,2709728,0
03/06/2000,80.7143,115.7143,80.3572,101.4286,24.2857,+31.48%,4477060,0
02/28/2000,77.2357,79.8214,70.1786,77.1429,-0.0928,-0.12%,1216824,0
02/21/2000,69.2857,82.4571,64.2857,77.2357,10.2714,+15.34%,2233840,0
02/14/2000,53.75,69.2857,53.4357,66.9643,13.1214,+24.37%,1935163,0
02/07/2000,55.4929,58.7071,53.4357,53.8429,-0.6214,-1.14%,1090628,0
01/31/2000,48.2571,55.5357,46.25,54.4643,5.85,+12.03%,1466499,0
01/24/2000,48.9286,51.2929,47.4571,48.6143,-0.4928,-1.00%,1351896,0
01/17/2000,49.0214,52.0571,47.4571,49.1071,0.2642,+0.54%,2166324,0
01/10/2000,49.2857,49.8643,45.7571,48.8429,2.4143,+5.20%,1579368,0
01/03/2000,56.25,56.3857,41.5214,46.4286,-8.7928,-15.92%,4116336,0
12/27/1999,35.6714,57.1429,35.4,55.2214,19.6857,+55.40%,4946451,0
12/20/1999,33.0357,35.7143,32.8571,35.5357,2.7214,+8.29%,1883070,0
12/13/1999,32.5,34.2857,29.2857,32.8143,0.85,+2.66%,3116287,0
12/06/1999,32.3214,33.1714,31.65,31.9643,0.1786,+0.56%,2012556,0
11/29/1999,29.2857,32.6357,28.9714,31.7857,2.3643,+8.04%,3497592,0
11/22/1999,29.5071,31.4286,28.5714,29.4214,0.5785,+2.01%,4788385,0
"Downloaded from Barchart.com as of 03-11-2023 08:57am CST"
