Time,Open,High,Low,Last,Change,%Chg,Volume,Strike
01/30/2023,95.49,105.78,94.56,104.26,8.97,+9.41%,168440,0
01/23/2023,96.99,96.99,93.065,95.29,-1.7,-1.75%,124220,0
01/16/2023,100.3,100.97,96.35,96.99,-3.75,-3.72%,86050,0
01/09/2023,100.77,101.383,93.9946,100.74,0.16,+0.16%,89100,0
01/02/2023,99.03,101.78,96.68,100.58,1.84,+1.86%,131450,0
12/26/2022,98.3,100.11,97.21,98.74,0.71,+0.72%,76300,0
12/19/2022,97.73,98.69,95.51,98.03,0.56,+0.57%,112500,0
12/12/2022,96.06,99.46,95.31,97.47,1.77,+1.85%,137240,0
12/05/2022,98.53,98.53,95.42,95.7,-3.6,-3.63%,75103,0
11/28/2022,97.47,100.1,95.26,99.3,1.63,+1.67%,93020,0
11/21/2022,95.68,98.54,95.26,97.67,2.22,+2.33%,85825,0
11/14/2022,98.05,99.38,93.175,95.45,-2.53,-2.58%,128220,0
11/07/2022,97.1,100.3,95.78,97.98,1.25,+1.29%,112220,0
10/31/2022,95.71,97.63,93.88,96.73,0.17,+0.18%,111560,0
10/24/2022,87.12,96.97,85.52,96.56,10.12,+11.71%,132640,0
10/17/2022,84.68,87.2299,83.76,86.44,2.79,+3.34%,100180,0
10/10/2022,84.04,84.89,82.01,83.65,0.1,+0.12%,55960,0
10/03/2022,84.75,88.756,83.345,83.55,-0.31,-0.37%,70924,0
09/26/2022,84.05,85.56,81.63,83.86,-0.01,-0.01%,73765,0
09/19/2022,83.8,87.307,83.02,83.87,-0.26,-0.31%,65320,0
09/12/2022,86.46,87.0099,81.8199,84.13,-1.89,-2.20%,67840,0
09/05/2022,83.91,86.41,82.36,86.02,2.3,+2.75%,55125,0
08/29/2022,84.04,85.94,81.25,83.72,-0.94,-1.11%,74540,0
08/22/2022,86.49,87.68,84.17,84.66,-2.3,-2.64%,65840,0
08/15/2022,87.17,89.46,86.67,86.96,-0.8,-0.91%,60468,0
08/08/2022,84.83,87.89,83.27,87.76,3.57,+4.24%,55260,0
08/01/2022,84.31,85.18,83.05,84.19,-0.17,-0.20%,45020,0
07/25/2022,78.78,87.08,78.78,84.36,6.02,+7.68%,102060,0
07/18/2022,77.46,79.78,75.37,78.34,1.3,+1.69%,79060,0
07/11/2022,75.88,77.496,74,77.04,0.66,+0.86%,54640,0
07/04/2022,76.74,78.2846,74.96,76.38,-1.34,-1.72%,61800,0
06/27/2022,76.44,78.34,73.49,77.72,1.84,+2.42%,73286,0
06/20/2022,75.3,76.74,73.29,75.88,1.45,+1.95%,171225,0
06/13/2022,78.22,78.675,73.45,74.43,-4.82,-6.08%,86400,0
06/06/2022,83.21,83.9,78.6,79.25,-3.75,-4.52%,51960,0
05/30/2022,82.22,83.48,80.46,83,0.91,+1.11%,76250,0
05/23/2022,81.13,83.16,79.34,82.09,1.75,+2.18%,50080,0
05/16/2022,82.25,84.01,79.42,80.34,-1.52,-1.86%,70320,0
05/09/2022,80.54,83.17,79,81.86,0.74,+0.91%,103280,0
05/02/2022,83.23,85.76,79.61,81.12,-2.34,-2.80%,86680,0
04/25/2022,86.54,86.83,82.765,83.46,-3.61,-4.15%,94100,0
04/18/2022,84.45,91.37,84.45,87.07,2.44,+2.88%,90480,0
04/11/2022,82.82,84.89,82.33,84.63,1.38,+1.66%,69075,0
04/04/2022,84.95,85.51,82.1445,83.25,-2.18,-2.55%,79949,0
03/28/2022,84.87,86.65,83.96,85.43,0.21,+0.25%,63580,0
03/21/2022,84.99,86.52,83.25,85.22,0.36,+0.42%,62620,0
03/14/2022,84.11,88.9,83.64,84.86,1.17,+1.40%,150640,0
03/07/2022,80.81,83.91,79.19,83.69,3.01,+3.73%,97220,0
02/28/2022,80.09,81.89,78.89,80.68,-0.57,-0.70%,88860,0
02/21/2022,74.35,82.03,71.17,81.25,6.62,+8.87%,126725,0
02/14/2022,76.06,76.875,74.27,74.63,-1.08,-1.43%,56200,0
02/07/2022,75,78.7785,74.42,75.71,0.71,+0.95%,75800,0
01/31/2022,75.865,77.355,74.41,75,-1,-1.32%,100942,0
01/24/2022,74.82,78.95,73.98,76,0.11,+0.14%,116860,0
01/17/2022,77.51,78.94,75.89,75.89,-2.3,-2.94%,84825,0
01/10/2022,79.19,80.15,77.305,78.19,-1.01,-1.28%,56500,0
01/03/2022,80.15,82.62,79.1,79.2,-1.06,-1.32%,65060,0
12/27/2021,79.79,80.74,78.89,80.26,0.66,+0.83%,45340,0
12/20/2021,74.55,79.99,72.49,79.6,4.24,+5.63%,83925,0
12/13/2021,77.44,77.44,72.74,75.36,-2.3,-2.96%,140860,0
12/06/2021,78.06,80.37,77.42,77.66,-0.02,-0.03%,118340,0
11/29/2021,78.01,80.13,76.61,77.68,0.62,+0.80%,105280,0
11/22/2021,80.17,81.67,75.93,77.06,-2.67,-3.35%,57425,0
11/15/2021,80.47,80.685,78.97,79.73,-0.33,-0.41%,63380,0
11/08/2021,79.94,80.67,77.5,80.06,0.91,+1.15%,63220,0
11/01/2021,72.62,79.3,71.29,79.15,7.01,+9.72%,99860,0
10/25/2021,76.08,77,70.09,72.14,-3.95,-5.19%,98720,0
10/18/2021,75.7,77,73.87,76.09,0.3,+0.40%,54880,0
10/11/2021,74.67,77.39,74.13,75.79,1.42,+1.91%,60220,0
10/04/2021,73.1,76.12,72.4,74.37,1.15,+1.57%,76240,0
09/27/2021,72.42,74.62,70.07,73.22,0.98,+1.36%,64940,0
09/20/2021,69.27,73.28,69.11,72.24,1.5,+2.12%,88720,0
09/13/2021,69.68,71,68.03,70.74,1.68,+2.43%,128740,0
09/06/2021,71.31,71.52,69.06,69.06,-2.23,-3.13%,93450,0
08/30/2021,70.33,71.54,67.62,71.29,1.18,+1.68%,66380,0
08/23/2021,69.28,70.77,67.91,70.11,1.35,+1.96%,65480,0
08/16/2021,69.85,70.62,67.08,68.76,-1.45,-2.07%,127480,0
08/09/2021,71.85,73.985,70.01,70.21,-1.9,-2.63%,115860,0
08/02/2021,78.64,80.4,71.78,72.11,-6.31,-8.05%,115560,0
07/26/2021,77.21,79.36,75.39,78.42,1.33,+1.73%,52960,0
07/19/2021,76.28,79.3299,74.68,77.09,-0.36,-0.46%,84900,0
07/12/2021,80.67,81.67,76.9801,77.45,-3.77,-4.64%,79320,0
07/05/2021,82.305,82.305,75.57,81.22,-0.29,-0.36%,140350,0
06/28/2021,81.04,83.7311,79.52,81.51,0.51,+0.63%,112960,0
06/21/2021,78.98,82.12,78.565,81,2.87,+3.67%,186620,0
06/14/2021,84.99,85.9425,77.51,78.13,-6.63,-7.82%,201020,0
06/07/2021,84.23,85.84,82.82,84.76,0.86,+1.03%,58320,0
05/31/2021,86.08,87.53,82.175,83.9,-1.83,-2.13%,75900,0
05/24/2021,86,87,83.44,85.73,-0.09,-0.10%,73020,0
05/17/2021,85.44,86.195,81.99,85.82,-0.26,-0.30%,87980,0
05/10/2021,82.99,86.22,80.7,86.08,3.12,+3.76%,85420,0
05/03/2021,82.8,83.89,80.245,82.96,0.98,+1.20%,50820,0
04/26/2021,81.84,83.88,78.99,81.98,0.15,+0.18%,74640,0
04/19/2021,82.09,82.65,78.7,81.83,-0.47,-0.57%,63100,0
04/12/2021,81.44,83.16,78.87,82.3,0.86,+1.06%,56280,0
04/05/2021,82.85,83.45,79.7925,81.44,-0.55,-0.67%,63000,0
03/29/2021,82.05,83.71,79.99,81.99,-0.06,-0.07%,75350,0
03/22/2021,82.84,82.84,76.61,82.05,-1.26,-1.51%,94360,0
03/15/2021,80.93,86.76,80.36,83.31,2.29,+2.83%,201640,0
03/08/2021,78.67,81.14,77.01,81.02,2.82,+3.61%,71380,0
03/01/2021,78.78,79.94,75.45,78.2,0.54,+0.70%,88140,0
02/22/2021,77.93,80.85,77.01,77.66,-1.56,-1.97%,99340,0
02/15/2021,79.92,80.84,77.26,79.22,-1.06,-1.32%,77125,0
02/08/2021,76.02,80.97,75.82,80.28,4.81,+6.37%,84440,0
02/01/2021,70.19,76.02,69.71,75.47,5.68,+8.14%,98220,0
01/25/2021,72.575,73.4,68.8,69.79,-3.51,-4.79%,116100,0
01/18/2021,73.6,73.6,70.8925,73.3,0.6,+0.83%,85825,0
01/11/2021,72.55,74.81,71.1,72.7,-0.57,-0.78%,87880,0
01/04/2021,67.74,74.77,64.58,73.27,6.17,+9.20%,131480,0
12/28/2020,64.85,67.51,63.89,67.1,2.885,+4.49%,75200,0
12/21/2020,64.56,65.14,61.65,64.215,-1.485,-2.26%,88875,0
12/14/2020,63.4,65.99,62.12,65.7,2.81,+4.47%,181020,0
12/07/2020,65.43,65.88,62.38,62.89,-2.84,-4.32%,67380,0
11/30/2020,64.96,65.81,62.655,65.73,0.87,+1.34%,65400,0
11/23/2020,65.24,67.43,64.2685,64.86,0.26,+0.40%,54625,0
11/16/2020,64,65.64,62.74,64.6,1.97,+3.15%,73020,0
11/09/2020,64.6,65,60.88,62.63,3.33,+5.62%,72740,0
11/02/2020,57.96,61.765,57.9,59.3,2.22,+3.89%,73500,0
10/26/2020,62.79,63.43,55.04,57.08,-6.54,-10.28%,93800,0
10/19/2020,65.15,65.5287,62.165,63.62,-1.09,-1.68%,54820,0
10/12/2020,67.92,69.515,63.69,64.71,-3.21,-4.73%,51680,0
10/05/2020,62.12,67.95,62.01,67.92,6.02,+9.73%,102540,0
09/28/2020,58.97,62.37,58.71,61.9,3.41,+5.83%,92760,0
09/21/2020,59.15,59.67,56.1,58.49,-1.62,-2.70%,85380,0
09/14/2020,63.04,64.015,59.78,60.11,-2.37,-3.79%,127380,0
09/07/2020,64.63,65.295,62.23,62.48,-2.55,-3.92%,101700,0
08/31/2020,67.07,68.05,65.01,65.03,-2.3,-3.42%,100020,0
08/24/2020,68.18,69.25,66.46,67.33,-0.28,-0.41%,120240,0
08/17/2020,67.47,68.365,66.71,67.61,0.14,+0.21%,95900,0
08/10/2020,60.79,70.4545,60.6,67.47,7.03,+11.63%,147880,0
08/03/2020,58.11,60.61,57.77,60.44,2.42,+4.17%,79540,0
07/27/2020,54.82,64.2,54.27,58.02,3.15,+5.74%,143520,0
07/20/2020,54.68,56.375,53.08,54.87,0.18,+0.33%,103480,0
07/13/2020,51.99,55.85,51.41,54.69,3.44,+6.71%,101420,0
07/06/2020,54,54.01,49.37,51.25,-1.66,-3.14%,88680,0
06/29/2020,52.11,54.92,51.91,52.91,1.58,+3.08%,112500,0
06/22/2020,52.5,53.9,50.46,51.33,-1.44,-2.73%,125960,0
06/15/2020,53.04,57.25,52.45,52.77,-2.12,-3.86%,127620,0
06/08/2020,61.77,61.95,53.36,54.89,-5.74,-9.47%,87060,0
06/01/2020,56.15,61.53,55.55,60.63,4.87,+8.73%,94580,0
05/25/2020,56.1,60,55.23,55.76,1.27,+2.33%,131300,0
05/18/2020,52.71,54.85,52.31,54.49,4.21,+8.37%,109980,0
05/11/2020,51.88,52.45,45.71,50.28,-2.61,-4.93%,161100,0
05/04/2020,52.23,54.53,50.23,52.89,-0.2,-0.38%,101880,0
04/27/2020,51.8,60.55,51.64,53.09,1.97,+3.85%,198780,0
04/20/2020,50.34,52.09,49.5,51.12,-0.61,-1.18%,141200,0
04/13/2020,55.02,55.02,47,51.73,-3.99,-7.16%,132580,0
04/06/2020,53.04,56.4,51.99,55.72,5.15,+10.18%,116500,0
03/30/2020,51.16,54.6351,48.38,50.57,-0.59,-1.15%,160960,0
03/23/2020,47.08,55.77,44.32,51.16,4.08,+8.67%,167880,0
03/16/2020,48,52.1857,45.03,47.08,-8.07,-14.63%,258000,0
03/09/2020,61.17,61.51,46.45,55.15,-10.2,-15.61%,210900,0
03/02/2020,69.01,71.99,63.58,65.35,-4.1,-5.90%,140020,0
02/24/2020,76.83,80,67.56,69.45,-10.05,-12.64%,191100,0
02/17/2020,81.46,82.41,78.94,79.5,-1.99,-2.44%,109175,0
02/10/2020,79.77,83.95,79.2958,81.49,1.59,+1.99%,87580,0
02/03/2020,77.45,81.09,77.14,79.9,2.58,+3.34%,89700,0
01/27/2020,76.34,81.555,76,77.32,-0.13,-0.17%,124600,0
01/20/2020,77.58,78.49,76.19,77.45,-0.49,-0.63%,151400,0
01/13/2020,77.62,81,77.23,77.94,0.41,+0.53%,100420,0
01/06/2020,76.5,79.93,76.24,77.53,0.62,+0.81%,132020,0
12/30/2019,77.42,77.81,75.66,76.91,-0.63,-0.81%,103825,0
12/23/2019,78.08,78.312,76.195,77.54,-0.06,-0.08%,59425,0
12/16/2019,74.58,78.41,73.65,77.6,3.47,+4.68%,165440,0
12/09/2019,76.44,77.34,73.44,74.13,-2.33,-3.05%,170280,0
12/02/2019,73.8,77.39,72.47,76.46,3.12,+4.25%,131280,0
11/25/2019,72.34,75.6,72.2088,73.34,1.53,+2.13%,106875,0
11/18/2019,73.18,75.16,71.32,71.81,-1.37,-1.87%,104920,0
11/11/2019,73.56,74.3199,72.34,73.18,-0.55,-0.75%,96860,0
11/04/2019,75.7,76.54,73.56,73.73,-1.85,-2.45%,133500,0
10/28/2019,68.41,80.47,68.275,75.58,7.47,+10.97%,218180,0
10/21/2019,68.53,69.61,67.46,68.11,-0.16,-0.23%,77260,0
10/14/2019,67.06,68.5,65.34,68.27,0.98,+1.46%,75480,0
10/07/2019,67.02,68.71,65.55,67.29,0.26,+0.39%,53280,0
09/30/2019,69.71,70.4577,64.52,67.03,-2.65,-3.80%,133080,0
09/23/2019,68.76,69.91,67.33,69.68,0.57,+0.82%,101220,0
09/16/2019,68.72,69.74,66.98,69.11,-0.21,-0.30%,88700,0
09/09/2019,64.61,69.58,63.2101,69.32,4.8,+7.44%,90780,0
09/02/2019,64.17,66.41,63.05,64.52,0.49,+0.77%,76350,0
08/26/2019,64.03,64.835,62.8,64.03,0.62,+0.98%,63040,0
08/19/2019,66.81,67.45,63.2,63.41,-2.69,-4.07%,101220,0
08/12/2019,65.13,66.36,63.57,66.1,0.68,+1.04%,63440,0
08/05/2019,67.5,67.98,63.23,65.42,-2.54,-3.74%,74380,0
07/29/2019,64.84,70.88,61.26,67.96,2.99,+4.60%,179780,0
07/22/2019,63.79,65.16,62.54,64.97,1.21,+1.90%,88760,0
07/15/2019,65.33,65.75,63.41,63.76,-1.38,-2.12%,84080,0
07/08/2019,62.89,65.48,62.27,65.14,2.21,+3.51%,72300,0
07/01/2019,62.63,63.26,61.13,62.93,0.78,+1.26%,67375,0
06/24/2019,60.58,62.32,59.7,62.15,1.56,+2.57%,177200,0
06/17/2019,60.33,61.98,59.62,60.59,0.4,+0.66%,124900,0
06/10/2019,58.98,61.43,58.51,60.19,1.5,+2.56%,66220,0
06/03/2019,56.19,59.17,55.75,58.69,2.46,+4.37%,112920,0
05/27/2019,57.74,58.325,55.71,56.23,-1.48,-2.56%,132450,0
05/20/2019,59.39,59.88,56.24,57.71,-1.96,-3.28%,128460,0
05/13/2019,61.69,62.2,59.38,59.67,-2.8,-4.48%,136580,0
05/06/2019,63.77,64.28,61.27,62.47,-2.13,-3.30%,126460,0
04/29/2019,61.65,64.74,61.455,64.6,2.94,+4.77%,128200,0
04/22/2019,58.54,61.67,58.54,61.66,3.02,+5.15%,88720,0
04/15/2019,58.19,59,57.56,58.64,0.48,+0.83%,72225,0
04/08/2019,57.98,59.78,57.73,58.16,0.16,+0.28%,65640,0
04/01/2019,56.81,58.69,56.455,58,1.43,+2.53%,75220,0
03/25/2019,57.44,58.14,56.47,56.57,-1,-1.74%,112680,0
03/18/2019,57.84,59.97,55.7266,57.57,-0.26,-0.45%,92700,0
03/11/2019,57.31,58.55,55.9,57.83,0.56,+0.98%,139660,0
03/04/2019,59.68,60.25,56.99,57.27,-2.38,-3.99%,152020,0
02/25/2019,53.71,60.93,52.79,59.65,6.13,+11.45%,142880,0
02/18/2019,52.14,53.64,51.84,53.52,1,+1.90%,91250,0
02/11/2019,49.52,52.55,49.475,52.52,2.97,+5.99%,76120,0
02/04/2019,49.1,50.07,48.34,49.55,-0.12,-0.24%,62380,0
01/28/2019,49.22,50.49,48.94,49.67,0.17,+0.34%,86920,0
01/21/2019,50.64,50.64,48.2,49.5,-1.43,-2.81%,66275,0
01/14/2019,51.12,51.705,49.825,50.93,-0.5,-0.97%,67900,0
01/07/2019,49.63,51.83,49.45,51.43,1.82,+3.67%,80660,0
12/31/2018,51.05,52.27,48.57,49.61,-1.34,-2.63%,148925,0
12/24/2018,49.95,51.77,48.96,50.95,0.71,+1.41%,94075,0
12/17/2018,52.02,52.95,49.12,50.24,-1.91,-3.66%,150380,0
12/10/2018,52.13,53.94,50.815,52.15,0.02,+0.04%,113840,0
12/03/2018,53.87,54.24,50.15,52.13,-1.3,-2.43%,142275,0
11/26/2018,52.97,53.68,51.06,53.43,0.97,+1.85%,114440,0
11/19/2018,52.99,53.22,50.05,52.46,-0.54,-1.02%,91600,0
11/12/2018,53.41,53.76,51.13,53,-0.4,-0.75%,72260,0
11/05/2018,53.26,54.65,52.52,53.4,0.36,+0.68%,78280,0
10/29/2018,46.78,56.35,46.69,53.04,6.62,+14.26%,157580,0
10/22/2018,48.47,49.55,45.85,46.42,-1.99,-4.11%,109820,0
10/15/2018,49.65,51.03,48.13,48.41,-1.25,-2.52%,86980,0
10/08/2018,51.9,52.04,49.3,49.66,-2.23,-4.30%,110140,0
10/01/2018,54.75,56.04,51.13,51.89,-2.58,-4.74%,141100,0
09/24/2018,54.72,56.24,53.21,54.47,-0.39,-0.71%,93520,0
09/17/2018,53.65,55.445,51.53,54.86,1.2,+2.24%,162060,0
09/10/2018,55.9,55.9,50.53,53.66,-2.02,-3.63%,98820,0
09/03/2018,57.9,57.9,55.25,55.68,-2.32,-4.00%,72600,0
08/27/2018,57.57,58.08,56.11,58,0.21,+0.36%,71240,0
08/20/2018,57.86,59.145,57.11,57.79,0.06,+0.10%,96460,0
08/13/2018,58.01,58.63,56.49,57.73,-0.29,-0.50%,72820,0
08/06/2018,59.54,59.54,56.73,58.02,-1.38,-2.32%,121640,0
07/30/2018,59.37,60.58,56.41,59.4,-0.27,-0.45%,201040,0
07/23/2018,61.83,62.71,59.37,59.67,-2.22,-3.59%,113440,0
07/16/2018,61.77,62.51,60.42,61.89,-0.07,-0.11%,109720,0
07/09/2018,65.02,65.81,61.88,61.96,-3.01,-4.63%,114760,0
07/02/2018,63.03,65.51,62.78,64.97,1.7,+2.69%,92675,0
06/25/2018,64.11,65.48,62.45,63.27,-0.95,-1.48%,170680,0
06/18/2018,64.33,65.245,63.025,64.22,-0.15,-0.23%,331740,0
06/11/2018,67.35,67.35,63.75,64.37,-2.58,-3.85%,116000,0
06/04/2018,66.47,68.79,66.325,66.95,0.8,+1.21%,111240,0
05/28/2018,62.87,66.27,62.68,66.15,3.25,+5.17%,212500,0
05/21/2018,63.95,65.28,62.83,62.9,-1.05,-1.64%,238560,0
05/14/2018,63.78,65.025,62.75,63.95,0.62,+0.98%,107880,0
05/07/2018,61.35,63.95,61,63.33,2.05,+3.35%,125820,0
04/30/2018,59.69,62.16,58.06,61.28,1.89,+3.18%,184480,0
04/23/2018,59.22,60.18,58.16,59.39,0.43,+0.73%,96960,0
04/16/2018,54.93,60.55,54.72,58.96,4.34,+7.95%,229120,0
04/09/2018,54.25,55.09,53.3,54.62,0.72,+1.34%,105560,0
04/02/2018,53.5,54.98,51.84,53.9,0.21,+0.39%,121440,0
03/26/2018,53.54,54.69,52.97,53.69,0.78,+1.47%,121600,0
03/19/2018,53.72,55.65,52.78,52.91,-0.81,-1.51%,145420,0
03/12/2018,53.33,54.26,52.5,53.72,0.48,+0.90%,177860,0
03/05/2018,50.35,53.57,48.74,53.24,2.67,+5.28%,168040,0
02/26/2018,48.33,51.49,47.71,50.57,2.25,+4.66%,92280,0
02/19/2018,47.66,49.21,47.43,48.32,0.42,+0.88%,47875,0
02/12/2018,46.72,48.43,45.4,47.9,1.25,+2.68%,45480,0
02/05/2018,48.03,49.028,45.425,46.65,-1.64,-3.40%,90080,0
01/29/2018,49.17,49.59,44.76,48.29,-1.11,-2.25%,63680,0
01/22/2018,50.41,50.63,47.785,49.4,-1.12,-2.22%,50720,0
01/15/2018,49.65,50.69,48.93,50.52,0.86,+1.73%,69250,0
01/08/2018,48.93,50.09,47.45,49.66,0.75,+1.53%,110920,0
01/01/2018,47.34,49.49,46.795,48.91,1.93,+4.11%,81150,0
12/25/2017,47.01,47.58,46.58,46.98,-0.08,-0.17%,46900,0
12/18/2017,45.85,47.58,45.85,47.06,1.5,+3.29%,51400,0
12/11/2017,45.8,45.87,42.98,45.56,-0.24,-0.52%,89900,0
12/04/2017,47.47,47.99,45.79,45.8,-1.15,-2.45%,63660,0
11/27/2017,47.39,49.07,45.87,46.95,-0.46,-0.97%,94760,0
11/20/2017,46.31,47.58,46,47.41,1.11,+2.40%,72100,0
11/13/2017,45.55,47.42,45.44,46.3,0.47,+1.03%,105540,0
11/06/2017,48.08,48.08,45.73,45.83,-2.13,-4.44%,86360,0
10/30/2017,45.7,49.66,43.8,47.96,2.23,+4.88%,116680,0
10/23/2017,45.43,45.93,44.57,45.73,0.37,+0.82%,57800,0
10/16/2017,45.05,46.255,44.76,45.36,-0.22,-0.48%,46480,0
10/09/2017,45.63,46.73,44.92,45.58,-0.09,-0.20%,52360,0
10/02/2017,43.74,45.72,43.39,45.67,1.92,+4.39%,46220,0
09/25/2017,41.88,44.3,41.57,43.75,1.97,+4.72%,91500,0
09/18/2017,40.84,42.33,40.76,41.78,1.09,+2.68%,49900,0
09/11/2017,41.24,41.42,40.15,40.69,-0.47,-1.14%,70340,0
09/04/2017,39.7,41.19,38.82,41.16,1.47,+3.70%,52500,0
08/28/2017,38.6,40.64,38.06,39.69,1.12,+2.90%,60600,0
08/21/2017,38.63,39.24,38.16,38.57,-0.07,-0.18%,36640,0
08/14/2017,38.66,39.66,38.31,38.64,0.15,+0.39%,42460,0
08/07/2017,41.49,41.61,38.18,38.49,-2.82,-6.83%,60960,0
07/31/2017,34.58,41.48,34.58,41.31,6.78,+19.64%,116380,0
07/24/2017,34.65,34.95,34.1,34.53,-0.14,-0.40%,37680,0
07/17/2017,33.97,34.95,33.24,34.67,0.71,+2.09%,51160,0
07/10/2017,34.45,34.655,33.42,33.96,-0.67,-1.93%,58900,0
07/03/2017,34.67,35.44,33.84,34.63,0,0.00%,67575,0
06/26/2017,33.43,35.71,33.2,34.63,1.15,+3.43%,87420,0
06/19/2017,34.22,34.35,32.71,33.48,-0.64,-1.88%,79860,0
06/12/2017,34.22,35.06,33.34,34.12,-0.12,-0.35%,68300,0
06/05/2017,33.79,34.39,32.94,34.24,0.4,+1.18%,67140,0
05/29/2017,32.71,34.54,32.09,33.84,0.93,+2.83%,73525,0
05/22/2017,34.07,34.99,32.7,32.91,-1.1,-3.23%,101700,0
05/15/2017,36.39,36.39,33.68,34.01,-1.9,-5.29%,62640,0
05/08/2017,34.88,37.31,34.29,35.91,0.99,+2.84%,100340,0
05/01/2017,34.89,38.22,34.46,34.92,0.11,+0.32%,80000,0
04/24/2017,35.08,36.14,34.65,34.81,0.15,+0.43%,57180,0
04/17/2017,32.72,34.89,32.64,34.66,1.92,+5.86%,94540,0
04/10/2017,33.43,34,32.65,32.74,-0.62,-1.86%,54975,0
04/03/2017,33.59,33.78,32.5,33.36,-0.21,-0.63%,75040,0
03/27/2017,32.27,33.91,32.21,33.57,0.92,+2.82%,77520,0
03/20/2017,34.54,34.54,32.49,32.65,-1.9,-5.50%,56160,0
03/13/2017,33.47,34.64,33.32,34.55,0.78,+2.31%,140980,0
03/06/2017,34.09,34.55,32.79,33.77,-0.41,-1.20%,103880,0
02/27/2017,37.95,38.38,33.8,34.18,-3.81,-10.03%,189420,0
02/20/2017,38.92,38.92,37.46,37.99,-0.79,-2.04%,59125,0
02/13/2017,38,39.18,37.77,38.78,0.84,+2.21%,59680,0
02/06/2017,38.72,38.75,36.7,37.94,-0.82,-2.12%,44400,0
01/30/2017,39.19,39.19,37.84,38.76,-0.52,-1.32%,55700,0
01/23/2017,37.71,39.49,37.49,39.28,1.6,+4.25%,56660,0
01/16/2017,38.09,38.13,37.06,37.68,-0.43,-1.13%,53950,0
01/09/2017,37.25,38.58,36.7,38.11,0.64,+1.71%,95600,0
01/02/2017,39.32,39.44,37.41,37.47,-1.72,-4.39%,89775,0
12/26/2016,38.99,39.52,38.71,39.19,0.16,+0.41%,38400,0
12/19/2016,38.6,39.86,38.26,39.03,0.49,+1.27%,48980,0
12/12/2016,39,39.5,38.35,38.54,-0.4,-1.03%,137860,0
12/05/2016,36.65,38.97,36.48,38.94,2.44,+6.68%,105460,0
11/28/2016,36.75,37.4,34.69,36.5,-0.5,-1.35%,141220,0
11/21/2016,35.97,37.16,35.76,37,0.97,+2.69%,83575,0
11/14/2016,36.82,37,33.06,36.03,-0.53,-1.45%,115620,0
11/07/2016,32.1,37.25,32.07,36.56,4.71,+14.79%,195740,0
10/31/2016,29.95,32.96,29.35,31.85,1.84,+6.13%,123860,0
10/24/2016,30.8,31.29,29.26,30.01,-0.59,-1.93%,98020,0
10/17/2016,30.27,30.79,30.16,30.6,0.23,+0.76%,56740,0
10/10/2016,31.95,32.14,30.3,30.37,-1.36,-4.29%,63640,0
10/03/2016,31.51,32.47,31.44,31.73,0.02,+0.06%,80960,0
09/26/2016,31.62,31.88,31.04,31.71,-0.03,-0.09%,64580,0
09/19/2016,31.67,32.47,31.05,31.74,0.33,+1.05%,116020,0
09/12/2016,31.97,32.33,31.28,31.41,-0.64,-2.00%,136800,0
09/05/2016,32.76,33.35,32.05,32.05,-0.65,-1.99%,81425,0
08/29/2016,32.14,33.01,31.63,32.7,0.73,+2.28%,63700,0
08/22/2016,31.45,32.39,31.28,31.97,0.51,+1.62%,79140,0
08/15/2016,31.28,32.27,31.25,31.46,0.18,+0.58%,87280,0
08/08/2016,31.42,31.65,30.07,31.28,-0.21,-0.67%,130220,0
08/01/2016,31.78,31.98,30.76,31.49,-0.38,-1.19%,97300,0
07/25/2016,32.2,32.33,31.36,31.87,-0.29,-0.90%,47200,0
07/18/2016,31.67,32.87,30.66,32.16,0.5,+1.58%,115760,0
07/11/2016,30.99,32.1,30.97,31.66,0.74,+2.39%,83640,0
07/04/2016,30.17,31.4,29.85,30.92,0.54,+1.78%,122875,0
06/27/2016,29.23,30.61,28.88,30.38,0.95,+3.23%,85020,0
06/20/2016,29.57,31.06,29.24,29.43,0.14,+0.48%,89860,0
06/13/2016,30.16,30.56,29.18,29.29,-0.88,-2.92%,120700,0
06/06/2016,28.59,30.63,28.5,30.17,1.72,+6.05%,95800,0
05/30/2016,28.36,28.86,28.13,28.45,0.04,+0.14%,80800,0
05/23/2016,27.43,28.65,27.22,28.41,0.96,+3.50%,60640,0
05/16/2016,26.79,27.61,26.6,27.45,0.76,+2.85%,102760,0
05/09/2016,26.11,26.92,25.53,26.69,0.55,+2.10%,99660,0
05/02/2016,24.38,26.46,24,26.14,1.76,+7.22%,110520,0
04/25/2016,24.65,25.08,24.09,24.38,-0.4,-1.61%,94700,0
04/18/2016,24.27,24.85,23.87,24.78,0.34,+1.39%,85600,0
04/11/2016,23.68,24.55,23.16,24.44,0.88,+3.74%,75500,0
04/04/2016,24.84,25.73,22.4,23.56,-1.23,-4.96%,120000,0
03/28/2016,24.24,25.75,23.96,24.79,0.53,+2.18%,133840,0
03/21/2016,25.35,25.57,23.84,24.26,-0.98,-3.88%,107750,0
03/14/2016,25.45,26.47,23.74,25.24,-0.29,-1.14%,232840,0
03/07/2016,24.97,25.92,24.76,25.53,0.4,+1.59%,120440,0
02/29/2016,24.64,25.45,23.92,25.13,0.5,+2.03%,179720,0
02/22/2016,26.07,26.73,24.41,24.63,-1.29,-4.98%,105460,0
02/15/2016,25.59,26.57,25.23,25.92,0.51,+2.01%,172650,0
02/08/2016,24.69,25.66,24.44,25.41,0.37,+1.48%,130100,0
02/01/2016,24.19,25.3,23.8,25.04,0.63,+2.58%,176420,0
01/25/2016,23.22,25.69,22.01,24.41,1.04,+4.45%,157980,0
01/18/2016,23.14,25.25,21.46,23.37,0.47,+2.05%,129850,0
01/11/2016,23.73,24.08,22.18,22.9,-0.93,-3.90%,118720,0
01/04/2016,24.88,24.91,22.41,23.83,-1.36,-5.40%,204620,0
12/28/2015,26.78,26.89,25.17,25.19,-1.63,-6.08%,72575,0
12/21/2015,25.98,27.14,25.77,26.82,0.97,+3.75%,75750,0
12/14/2015,25.69,27.02,25.39,25.85,0.25,+0.98%,172100,0
12/07/2015,27.99,27.99,25.36,25.6,-2.53,-8.99%,75880,0
11/30/2015,29.52,29.52,27.89,28.13,-1.23,-4.19%,73740,0
11/23/2015,28.3,29.64,28.21,29.36,1.07,+3.78%,66025,0
11/16/2015,27.81,28.79,27.68,28.29,0.44,+1.58%,60140,0
11/09/2015,29.2,29.68,27.46,27.85,-1.41,-4.82%,125380,0
11/02/2015,30.03,30.48,28.5,29.26,-0.79,-2.63%,112960,0
10/26/2015,28.31,31.57,26.97,30.05,1.78,+6.30%,161700,0
10/19/2015,27.74,28.39,27.09,28.27,0.55,+1.98%,150280,0
10/12/2015,28,28.07,27.15,27.72,-0.25,-0.89%,101240,0
10/05/2015,25.93,28.22,25.37,27.97,2.22,+8.62%,118200,0
09/28/2015,26.08,26.82,25.12,25.75,-0.45,-1.72%,109720,0
09/21/2015,26.74,26.99,26.02,26.2,-0.34,-1.28%,109460,0
09/14/2015,26.04,27.3,25.59,26.54,0.57,+2.19%,112000,0
09/07/2015,26.1,26.45,25.53,25.97,0.19,+0.74%,89275,0
08/31/2015,25.33,25.94,25.14,25.78,0.33,+1.30%,112720,0
08/24/2015,24.45,25.75,23.84,25.45,0.72,+2.91%,155960,0
08/17/2015,26.03,26.24,24.47,24.73,-1.41,-5.39%,125280,0
08/10/2015,24.64,26.25,24.6,26.14,1.61,+6.56%,126460,0
08/03/2015,25.45,25.83,23.8,24.53,-0.83,-3.27%,150160,0
07/27/2015,28,28.16,23.48,25.36,-2.68,-9.56%,229300,0
07/20/2015,29.29,29.29,27.92,28.04,-1.14,-3.91%,89840,0
07/13/2015,29.01,29.35,28.43,29.18,0.58,+2.03%,89860,0
07/06/2015,29.54,29.66,28.55,28.6,-1.07,-3.61%,78940,0
06/29/2015,31,31.16,29.63,29.67,-1.53,-4.90%,74025,0
06/22/2015,31.82,32,30.89,31.2,-0.52,-1.64%,114000,0
06/15/2015,31.57,32.16,30.99,31.72,0.06,+0.19%,63280,0
06/08/2015,30.82,31.96,30.65,31.66,0.65,+2.10%,47060,0
06/01/2015,30.73,31.29,30.1,31.01,0.57,+1.87%,44140,0
05/25/2015,30.95,31.19,30.14,30.44,-0.5,-1.62%,42825,0
05/18/2015,31.3,31.67,30.5,30.94,-0.23,-0.74%,39620,0
05/11/2015,32.07,32.16,30.85,31.17,-0.89,-2.78%,60080,0
05/04/2015,32.46,32.73,31.72,32.06,-0.44,-1.35%,105800,0
04/27/2015,33.21,34.57,31.21,32.5,-0.78,-2.34%,80440,0
04/20/2015,33.83,34.93,32.96,33.28,-0.43,-1.28%,108140,0
04/13/2015,34.18,35,33.49,33.71,-0.51,-1.49%,163120,0
04/06/2015,32.62,34.61,32.62,34.22,1.33,+4.04%,85520,0
03/30/2015,33,33.26,32.67,32.89,-0.01,-0.03%,62475,0
03/23/2015,32.13,33.39,31.91,32.9,1,+3.13%,90960,0
03/16/2015,31.9,32.15,30.05,31.9,0.27,+0.85%,208220,0
03/09/2015,30.5,32.15,30.49,31.63,1.28,+4.22%,50720,0
03/02/2015,31.85,32.85,30.22,30.35,-1.64,-5.13%,87180,0
02/23/2015,31.45,32.94,31.11,31.99,0.34,+1.07%,52180,0
02/16/2015,32.71,32.77,31.47,31.65,-0.98,-3.00%,72525,0
02/09/2015,31.48,32.8,31.38,32.63,1.08,+3.42%,54420,0
02/02/2015,30.54,31.63,29.98,31.55,1.17,+3.85%,80720,0
01/26/2015,32.41,32.72,30.27,30.38,-2.21,-6.78%,85180,0
01/19/2015,32.43,33.67,31.16,32.59,0.27,+0.84%,70025,0
01/12/2015,33.1,33.93,31.71,32.32,-0.94,-2.83%,59120,0
01/05/2015,35.16,35.44,33.17,33.26,-2.22,-6.26%,37600,0
12/29/2014,37.04,37.26,34.93,35.48,-1.44,-3.90%,32400,0
12/22/2014,35.57,37.13,35.03,36.92,1.29,+3.62%,29225,0
12/15/2014,34.27,35.74,33.33,35.63,1.63,+4.79%,125280,0
12/08/2014,35.12,36.17,33.74,34,-1.33,-3.76%,47100,0
12/01/2014,35.88,35.88,33.97,35.33,0.07,+0.20%,41840,0
11/24/2014,35.73,36.43,35.18,35.26,-0.47,-1.32%,34700,0
11/17/2014,37.76,37.76,34.74,35.73,-2.01,-5.33%,72860,0
11/10/2014,37.53,38.79,37.11,37.74,0.04,+0.11%,69780,0
11/03/2014,36.48,37.89,36.27,37.7,1.17,+3.20%,51860,0
10/27/2014,35.13,36.8,34.54,36.53,1.11,+3.13%,92100,0
10/20/2014,34.87,35.68,34.08,35.42,0.41,+1.17%,55860,0
10/13/2014,34.2,35.97,33.67,35.01,0.75,+2.19%,65640,0
10/06/2014,33.57,34.87,33.49,34.26,0.3,+0.88%,69500,0
09/29/2014,34.37,34.82,33.69,33.96,-0.89,-2.55%,109440,0
09/22/2014,35.6,36.69,34.59,34.85,-1.02,-2.84%,42800,0
09/15/2014,36.47,36.51,35.7,35.87,-0.45,-1.24%,56140,0
09/08/2014,36.93,37.23,35.93,36.32,-0.62,-1.68%,44620,0
09/01/2014,37.05,37.58,36.4,36.94,-0.06,-0.16%,38500,0
08/25/2014,37.4,37.59,36.44,37,-0.04,-0.11%,35760,0
08/18/2014,37.53,38,36.27,37.04,-0.04,-0.11%,33960,0
08/11/2014,36.35,37.72,36.35,37.08,0.95,+2.63%,57620,0
08/04/2014,34.5,36.47,34.15,36.13,1.77,+5.15%,56080,0
07/28/2014,36.33,36.5,33.72,34.36,-1.93,-5.32%,58980,0
07/21/2014,37.78,38,36.13,36.29,-1.79,-4.70%,43100,0
07/14/2014,37.83,38.1,36.76,38.08,0.65,+1.74%,60160,0
07/07/2014,37.85,38.4,36.85,37.43,-0.72,-1.89%,60040,0
06/30/2014,36.65,38.21,36.52,38.15,1.33,+3.61%,53500,0
06/23/2014,35.63,36.85,35.57,36.82,1.17,+3.28%,111540,0
06/16/2014,34.4,35.84,34.05,35.65,1.19,+3.45%,58880,0
06/09/2014,35.01,35.91,34.29,34.46,-0.8,-2.27%,49320,0
06/02/2014,34.37,35.66,33.92,35.26,0.98,+2.86%,70460,0
05/26/2014,34.32,35.03,33.41,34.28,0.43,+1.27%,47650,0
05/19/2014,32.96,34.02,32.12,33.85,0.86,+2.61%,64580,0
05/12/2014,34.6,35.59,32.23,32.99,-1.62,-4.68%,72060,0
05/05/2014,31.07,34.78,29.84,34.61,3.18,+10.12%,107260,0
04/28/2014,31.92,32.33,29.02,31.43,-0.45,-1.41%,93280,0
04/21/2014,33.17,33.85,31.59,31.88,-1.36,-4.09%,62040,0
04/14/2014,32.32,33.44,31.69,33.24,0.9,+2.78%,48075,0
04/07/2014,34.3,35.1,32.01,32.34,-2.23,-6.45%,82200,0
03/31/2014,33.97,35.75,33.97,34.57,0.74,+2.19%,71000,0
03/24/2014,34.39,34.69,33.38,33.83,-0.59,-1.71%,71020,0
03/17/2014,33.17,34.61,33.17,34.42,1.6,+4.88%,115900,0
03/10/2014,33.97,34.81,32.63,32.82,-1.33,-3.89%,66700,0
03/03/2014,32.29,34.97,30.63,34.15,1.78,+5.50%,91180,0
02/24/2014,36.22,36.69,31.92,32.37,-3.9,-10.75%,126040,0
02/17/2014,36.91,37.55,35.89,36.27,-0.4,-1.09%,40375,0
02/10/2014,35.17,36.99,34.24,36.67,1.43,+4.06%,39880,0
02/03/2014,36.46,36.87,34.45,35.24,-1.38,-3.77%,54160,0
01/27/2014,37.85,39.96,33.28,36.62,-1.23,-3.25%,54720,0
01/20/2014,37.45,39,37.45,37.85,0.28,+0.75%,43325,0
01/13/2014,38.07,38.5,36.95,37.57,-0.58,-1.52%,47480,0
01/06/2014,38.67,39.17,35.66,38.15,-0.45,-1.17%,73220,0
12/30/2013,39.67,40,38.02,38.6,-1.2,-3.02%,50950,0
12/23/2013,39.34,39.97,39.03,39.8,0.69,+1.76%,55500,0
12/16/2013,38.94,39.61,38.38,39.11,0.2,+0.51%,88560,0
12/09/2013,39.03,39.28,38.03,38.91,0.04,+0.10%,79440,0
12/02/2013,38.75,39.7,37.41,38.87,-0.02,-0.05%,94300,0
11/25/2013,40,40,38.53,38.89,-1.11,-2.78%,43000,0
11/18/2013,36.97,40.1,36.43,40,3.17,+8.61%,59260,0
11/11/2013,35.71,36.88,35.2,36.83,0.94,+2.62%,41720,0
11/04/2013,35.59,36.7,35.2,35.89,0.37,+1.04%,47760,0
10/28/2013,35,36.41,34.3,35.52,0.42,+1.20%,63580,0
10/21/2013,34.04,35.22,33.56,35.1,0.99,+2.90%,49900,0
10/14/2013,34.79,35.83,33.3,34.11,-0.94,-2.68%,91920,0
10/07/2013,35.22,35.96,33.75,35.05,-0.48,-1.35%,48160,0
09/30/2013,35.04,36.55,34.77,35.53,0.06,+0.17%,37900,0
09/23/2013,36.16,36.92,34.7,35.47,-0.8,-2.21%,40180,0
09/16/2013,35.39,37.79,35.17,36.27,1.21,+3.45%,42240,0
09/09/2013,34.02,35.5,33.84,35.06,1.19,+3.51%,34360,0
09/02/2013,33.24,34.41,32.85,33.87,0.79,+2.39%,29900,0
08/26/2013,34.86,35.79,32.89,33.08,-1.66,-4.78%,52920,0
08/19/2013,33.2,34.99,32.63,34.74,1.41,+4.23%,32240,0
08/12/2013,34.32,34.7,32.68,33.33,-1.17,-3.39%,25900,0
08/05/2013,33,34.69,33,34.5,1.26,+3.79%,34800,0
07/29/2013,35.52,35.75,32.31,33.24,-2.29,-6.45%,53100,0
07/22/2013,35.13,36.1,34.61,35.53,0.47,+1.34%,35560,0
07/15/2013,34.59,35.25,33.91,35.06,0.36,+1.04%,75260,0
07/08/2013,35.05,35.12,34.21,34.7,-0.37,-1.06%,43640,0
07/01/2013,34.34,35.77,34.11,35.07,0.91,+2.66%,42775,0
06/24/2013,33.22,34.67,33.15,34.16,0.56,+1.67%,78340,0
06/17/2013,33.36,33.99,33.24,33.6,0.43,+1.30%,83480,0
06/10/2013,33,33.56,32.62,33.17,0.2,+0.61%,50120,0
06/03/2013,33.04,34.08,32.53,32.97,-0.06,-0.18%,100660,0
05/27/2013,33,33.58,32.05,33.03,0.49,+1.51%,52950,0
05/20/2013,32.24,33.64,32.12,32.54,0.12,+0.37%,107620,0
05/13/2013,30.94,32.47,30.46,32.42,1.49,+4.82%,42300,0
05/06/2013,29.84,31.1,29.8,30.93,1.04,+3.48%,30100,0
04/29/2013,30.59,31.13,28.71,29.89,-0.59,-1.94%,85800,0
04/22/2013,28.73,30.64,28.6,30.48,1.67,+5.80%,32160,0
04/15/2013,29.57,29.76,28.18,28.81,-0.88,-2.96%,91880,0
04/08/2013,30.36,30.83,29.51,29.69,-0.5,-1.66%,42080,0
04/01/2013,31.1,31.17,29.85,30.19,-0.91,-2.93%,33000,0
03/25/2013,31.54,31.98,31.07,31.1,-0.44,-1.40%,33875,0
03/18/2013,30.85,31.8,30.42,31.54,0.54,+1.74%,36260,0
03/11/2013,30.56,31.2,30.51,31,0.26,+0.85%,59940,0
03/04/2013,29.58,30.85,29.42,30.74,1.01,+3.40%,55400,0
02/25/2013,29.74,30,28.86,29.73,-0.52,-1.72%,56740,0
02/18/2013,29.29,30.3,28.79,30.25,0.96,+3.28%,80875,0
02/11/2013,29.21,29.48,29.09,29.29,0.12,+0.41%,42480,0
02/04/2013,29.65,29.75,28.9,29.17,-0.71,-2.38%,52260,0
01/28/2013,28.98,30.6,28.98,29.88,0.76,+2.61%,64240,0
01/21/2013,28.85,29.25,28.78,29.12,0.27,+0.94%,94225,0
01/14/2013,28.85,29.17,28.58,28.85,-0.02,-0.07%,57160,0
01/07/2013,29.66,29.72,28.58,28.87,-1.04,-3.48%,34540,0
12/31/2012,28.42,30.25,28.24,29.91,1.45,+5.09%,60175,0
12/24/2012,28.85,29.46,27.2,28.46,-0.49,-1.69%,37825,0
12/17/2012,28.51,29,28.26,28.95,0.29,+1.01%,119760,0
12/10/2012,28.35,29,27.99,28.66,0.35,+1.24%,58240,0
12/03/2012,27.98,28.86,27.65,28.31,0.29,+1.03%,55480,0
11/26/2012,26.47,28.29,26.39,28.02,1.41,+5.30%,78840,0
11/19/2012,26.07,26.72,24.38,26.61,0.72,+2.78%,29150,0
11/12/2012,25.81,26.04,25.5,25.89,0.09,+0.35%,65160,0
11/05/2012,25.74,26.69,25.46,25.8,0,0.00%,60140,0
10/29/2012,25.7,26.75,24.71,25.8,0.15,+0.58%,91533,0
10/22/2012,25.7,26,25.54,25.65,-0.17,-0.66%,51640,0
10/15/2012,26,26.51,25.7,25.82,-0.39,-1.49%,41120,0
10/08/2012,26.13,26.6,25.9,26.21,0.01,+0.04%,77080,0
10/01/2012,26.33,26.98,24.76,26.2,0.11,+0.42%,113900,0
09/24/2012,27.11,27.11,25.98,26.09,-1.07,-3.94%,125620,0
09/17/2012,26.85,27.61,26.69,27.16,0.05,+0.18%,69840,0
09/10/2012,26.39,27.34,26.21,27.11,0.7,+2.65%,55420,0
09/03/2012,25.14,26.52,24.9,26.41,1.23,+4.88%,65225,0
08/27/2012,25.23,25.44,24.64,25.18,0.09,+0.36%,33160,0
08/20/2012,25.93,26.26,24.71,25.09,-0.86,-3.31%,38940,0
08/13/2012,25.28,26.03,24.65,25.95,0.7,+2.77%,100340,0
08/06/2012,23.78,25.37,23.63,25.25,1.57,+6.63%,131960,0
07/30/2012,26.22,26.96,22.93,23.68,-2.47,-9.45%,238180,0
07/23/2012,26.2,26.38,25.38,26.15,-0.45,-1.69%,59360,0
07/16/2012,26.78,27.09,26.22,26.6,-0.18,-0.67%,56720,0
07/09/2012,27.06,27.53,26.43,26.78,-0.29,-1.07%,75020,0
07/02/2012,26.69,27.64,26.21,27.07,0.57,+2.15%,62075,0
06/25/2012,24.19,26.59,23.88,26.5,2.04,+8.34%,86400,0
06/18/2012,25.45,25.96,23.74,24.46,-1.07,-4.19%,160440,0
06/11/2012,26.86,26.86,25.31,25.53,-0.97,-3.66%,94600,0
06/04/2012,24.77,27.38,24.75,26.5,1.77,+7.16%,112160,0
05/28/2012,24.8,25.99,24.64,24.73,0.07,+0.28%,82550,0
05/21/2012,25.14,25.58,24.16,24.66,-0.39,-1.56%,70120,0
05/14/2012,26.63,26.78,24.8,25.05,-1.86,-6.91%,86480,0
05/07/2012,26.33,27.49,26.01,26.91,0.56,+2.13%,148860,0
04/30/2012,29.48,29.78,26.03,26.35,-3.17,-10.74%,167260,0
04/23/2012,28.39,29.56,28.02,29.52,0.65,+2.25%,96120,0
04/16/2012,29.96,30.42,28.32,28.87,-0.86,-2.89%,110440,0
04/09/2012,30.81,30.89,29.35,29.73,-1.51,-4.83%,120320,0
04/02/2012,31.96,32.54,31.02,31.24,-0.87,-2.71%,92525,0
03/26/2012,33.06,33.29,31.67,32.11,-0.64,-1.95%,127580,0
03/19/2012,32.05,33.04,31.83,32.75,0.73,+2.28%,73980,0
03/12/2012,31.55,32.36,31.28,32.02,0.38,+1.20%,87840,0
03/05/2012,31.1,32.1,30.65,31.64,0.29,+0.93%,72200,0
02/27/2012,32.51,33.35,31.21,31.35,-1.5,-4.57%,93980,0
02/20/2012,32.27,33.17,31.7,32.85,0.72,+2.24%,55500,0
02/13/2012,31.5,32.18,30.81,32.13,1.11,+3.58%,43520,0
02/06/2012,33.09,33.09,30.96,31.02,-2.13,-6.43%,61540,0
01/30/2012,31.55,33.33,30.83,33.15,1.57,+4.97%,183280,0
01/23/2012,30.7,31.83,30.38,31.58,0.8,+2.60%,111080,0
01/16/2012,30.08,30.83,29.92,30.78,0.82,+2.74%,62125,0
01/09/2012,29.37,30.05,28.77,29.96,0.85,+2.92%,61820,0
01/02/2012,29.21,31.13,28.56,29.11,0.12,+0.41%,75625,0
12/26/2011,29.16,29.65,28.56,28.99,-0.16,-0.55%,53450,0
12/19/2011,27.72,29.44,27.14,29.15,1.75,+6.39%,85820,0
12/12/2011,27.64,28.2,26.92,27.4,-0.67,-2.39%,81180,0
12/05/2011,28.16,28.2,27.2,28.07,0.36,+1.30%,85560,0
11/28/2011,25.84,28.15,25.46,27.71,2.75,+11.02%,77860,0
11/21/2011,26.58,27.04,24.94,24.96,-2.1,-7.76%,45900,0
11/14/2011,27.6,28.13,26.56,27.06,-0.49,-1.78%,54240,0
11/07/2011,27.61,28.06,26.24,27.55,-0.42,-1.50%,66700,0
10/31/2011,26.64,28.38,24.84,27.97,0.97,+3.59%,90780,0
10/24/2011,25.72,27.57,24.74,27,1.42,+5.55%,78600,0
10/17/2011,25.77,25.96,24.02,25.58,-0.42,-1.62%,48920,0
10/10/2011,24.19,26.03,23.98,26,2.27,+9.57%,51420,0
10/03/2011,23.52,24.69,22.31,23.73,-0.06,-0.25%,78260,0
09/26/2011,22.47,24.9,22.03,23.79,1.5,+6.73%,77920,0
09/19/2011,24.29,24.38,21.83,22.29,-2.18,-8.91%,73960,0
09/12/2011,23.31,24.64,22.96,24.47,0.75,+3.16%,59820,0
09/05/2011,22.57,23.91,21.61,23.72,1.08,+4.77%,136175,0
08/29/2011,24.14,24.7,22.62,22.64,-1.2,-5.03%,142460,0
08/22/2011,23.52,24.82,22.66,23.84,0.49,+2.10%,119560,0
08/15/2011,25.95,26.04,23.01,23.35,-2.15,-8.43%,47740,0
08/08/2011,25.08,27.63,24.05,25.5,-1.18,-4.42%,112960,0
08/01/2011,26.37,27.61,24.72,26.68,0.65,+2.50%,63600,0
07/25/2011,27.41,27.68,25.56,26.03,-1.74,-6.27%,43340,0
07/18/2011,28.3,28.53,26.81,27.77,-0.61,-2.15%,41720,0
07/11/2011,28.35,28.77,27.94,28.38,-0.3,-1.05%,33720,0
07/04/2011,28.78,29.08,28.09,28.68,-0.03,-0.10%,37325,0
06/27/2011,26.98,28.9,26.98,28.71,1.7,+6.29%,37780,0
06/20/2011,27.17,27.64,26.18,27.01,-0.24,-0.88%,66360,0
06/13/2011,26.13,27.46,25.8,27.25,1.32,+5.09%,50620,0
06/06/2011,26.05,26.69,25.77,25.93,-0.13,-0.50%,38140,0
05/30/2011,27.69,28.17,26.04,26.06,-1.34,-4.89%,84750,0
05/23/2011,26.55,27.95,26.55,27.4,0.35,+1.29%,40260,0
05/16/2011,27.45,28.02,26.94,27.05,-0.68,-2.45%,41540,0
05/09/2011,26.67,28.66,26.04,27.73,0.93,+3.47%,53100,0
05/02/2011,28.2,28.5,24.61,26.8,-1.59,-5.60%,43360,0
04/25/2011,27.45,28.73,26.78,28.39,0.99,+3.61%,65800,0
04/18/2011,26.7,27.52,26.3,27.4,0.33,+1.22%,69850,0
04/11/2011,27.33,27.33,25.61,27.07,-0.34,-1.24%,64540,0
04/04/2011,27.67,28.54,26.6,27.41,-0.26,-0.94%,54240,0
03/28/2011,26.83,27.89,25.98,27.67,1.03,+3.87%,58440,0
03/21/2011,26.45,27.15,26.45,26.64,0.33,+1.25%,39340,0
03/14/2011,26,26.4,24.76,26.31,0.1,+0.38%,73900,0
03/07/2011,26.52,27.79,25.96,26.21,-0.27,-1.02%,82280,0
02/28/2011,28.04,28.24,25.68,26.48,-1.51,-5.39%,72700,0
02/21/2011,26.08,28.01,25.17,27.99,1.73,+6.59%,118100,0
02/14/2011,26.13,26.47,25.59,26.26,0.06,+0.23%,57200,0
02/07/2011,25.32,26.29,25.24,26.2,0.87,+3.43%,31860,0
01/31/2011,25.39,25.92,24.8,25.33,0.14,+0.56%,54600,0
01/24/2011,25.5,26.59,25.06,25.19,-0.21,-0.83%,78560,0
01/17/2011,25.98,26.49,25.35,25.4,-0.77,-2.94%,112650,0
01/10/2011,25.48,26.32,25.37,26.17,0.5,+1.95%,83280,0
01/03/2011,26.43,27.12,25.02,25.67,-0.55,-2.10%,144660,0
12/27/2010,26.63,27.05,26.11,26.22,-0.44,-1.65%,65980,0
12/20/2010,26.99,26.99,25.76,26.66,-0.01,-0.04%,92475,0
12/13/2010,28.15,28.25,26.49,26.67,-1.48,-5.26%,87780,0
12/06/2010,28.02,28.37,27.55,28.15,-0.02,-0.07%,85640,0
11/29/2010,28.26,28.68,27.44,28.17,-0.4,-1.40%,113420,0
11/22/2010,28.69,28.89,27.21,28.57,-0.22,-0.76%,65175,0
11/15/2010,27.72,29.21,27.26,28.79,1.08,+3.90%,93160,0
11/08/2010,25.99,28.22,25.82,27.71,1.55,+5.93%,103260,0
11/01/2010,25.3,27.14,24.35,26.16,0.85,+3.36%,60200,0
10/25/2010,25.78,25.94,24.95,25.31,-0.15,-0.59%,46800,0
10/18/2010,25.92,26.49,24.79,25.46,-0.3,-1.16%,41680,0
10/11/2010,26.11,26.29,24.8,25.76,-0.45,-1.72%,38820,0
10/04/2010,24.52,26.64,23.29,26.21,1.8,+7.37%,60000,0
09/27/2010,22.9,24.6,22.04,24.41,1.58,+6.92%,43460,0
09/20/2010,22.14,23.2,21.52,22.83,0.69,+3.12%,50860,0
09/13/2010,21.88,22.43,21.27,22.14,0.6,+2.79%,42280,0
09/06/2010,21.57,21.86,20.73,21.54,-0.09,-0.42%,46400,0
08/30/2010,21.34,21.7,19.93,21.63,0.12,+0.56%,56960,0
08/23/2010,20.8,21.58,20.16,21.51,0.88,+4.27%,51440,0
08/16/2010,20.67,21.85,20.25,20.63,-0.11,-0.53%,58140,0
08/09/2010,23.31,23.81,20.51,20.74,-2.28,-9.90%,65680,0
08/02/2010,23.87,24.67,22.79,23.02,-0.3,-1.29%,43440,0
07/26/2010,24.06,24.95,22.96,23.32,-0.57,-2.39%,59700,0
07/19/2010,22.35,23.94,22.02,23.89,1.24,+5.47%,77540,0
07/12/2010,23.1,24.43,22.49,22.65,-0.62,-2.66%,68700,0
07/05/2010,22.8,23.39,21.37,23.27,1.06,+4.77%,71525,0
06/28/2010,22.48,23.63,22.2,22.21,-0.21,-0.94%,76460,0
06/21/2010,23.78,23.83,22.05,22.42,-0.9,-3.86%,95220,0
06/14/2010,22.72,23.64,22.33,23.32,0.94,+4.20%,44700,0
06/07/2010,21.68,22.38,20.89,22.38,0.77,+3.56%,58060,0
05/31/2010,23.54,24.05,21.53,21.61,-1.75,-7.49%,126700,0
05/24/2010,23.7,24.27,21.86,23.36,-0.31,-1.31%,69040,0
05/17/2010,25.83,26.79,22.81,23.67,-1.89,-7.39%,60720,0
05/10/2010,23.58,27.04,22.92,25.56,3.18,+14.21%,63240,0
05/03/2010,26.19,26.6,22.02,22.38,-3.52,-13.59%,65160,0
04/26/2010,26.83,27.41,25.9,25.9,-1,-3.72%,38620,0
04/19/2010,25.97,26.9,25.54,26.9,0.87,+3.34%,37220,0
04/12/2010,24.85,26.21,24.43,26.03,1.44,+5.86%,37420,0
04/05/2010,24.15,25,24.07,24.59,0.55,+2.29%,37560,0
03/29/2010,24.41,25,23.6,24.04,-0.5,-2.04%,48200,0
03/22/2010,24.01,25.33,23.8,24.54,0.33,+1.36%,39700,0
03/15/2010,24.35,25,23.68,24.21,-0.17,-0.70%,47400,0
03/08/2010,24.22,24.82,24.09,24.38,0.08,+0.33%,40280,0
03/01/2010,23.33,24.61,23.33,24.3,0.38,+1.59%,85240,0
02/22/2010,24.3,24.48,22.51,23.92,-0.27,-1.12%,73540,0
02/15/2010,22.39,24.5,22.02,24.19,2.11,+9.56%,61750,0
02/08/2010,20.87,22.12,20.54,22.08,1.12,+5.34%,60920,0
02/01/2010,21.19,21.33,20.45,20.96,-0.11,-0.52%,99640,0
01/25/2010,21.1,21.99,20.38,21.07,0.28,+1.35%,118420,0
01/18/2010,22.24,22.39,20.61,20.79,-1.36,-6.14%,57500,0
01/11/2010,23.06,23.06,21.61,22.15,-0.53,-2.34%,40820,0
01/04/2010,22.8,23.5,21.54,22.68,0.32,+1.43%,48260,0
12/28/2009,22.47,23.2,22.13,22.36,0.07,+0.31%,36675,0
12/21/2009,21.9,22.38,21.32,22.29,0.65,+3.00%,43850,0
12/14/2009,21.95,22.96,20.82,21.64,-0.19,-0.87%,82680,0
12/07/2009,21.57,22.37,21.06,21.83,0.19,+0.88%,34240,0
11/30/2009,20.26,21.7,19.95,21.64,1.23,+6.03%,89520,0
11/23/2009,20.69,21.84,20.41,20.41,0.11,+0.54%,45325,0
11/16/2009,20.28,21.69,20.01,20.3,0.13,+0.64%,44080,0
11/09/2009,20.3,21.16,20,20.17,0.06,+0.30%,47380,0
11/02/2009,19.91,20.87,19.27,20.11,0.36,+1.82%,64900,0
10/26/2009,21.65,22.23,19.5,19.75,-1.94,-8.94%,67000,0
10/19/2009,22.29,22.86,21.52,21.69,-0.43,-1.94%,121820,0
10/12/2009,22.39,22.68,21.76,22.12,-0.1,-0.45%,48140,0
10/05/2009,20.85,22.3,20.65,22.22,1.43,+6.88%,43400,0
09/28/2009,21.4,22.21,20.55,20.79,-0.47,-2.21%,77100,0
09/21/2009,19.61,21.8,19.39,21.26,1.35,+6.78%,102980,0
09/14/2009,19.19,20.1,19.02,19.91,0.64,+3.32%,73700,0
09/07/2009,19.73,20.19,19.05,19.27,-0.39,-1.98%,50350,0
08/31/2009,20.3,20.41,19.04,19.66,-0.7,-3.44%,104480,0
08/24/2009,21.53,21.7,19.87,20.36,-1.11,-5.17%,64760,0
08/17/2009,19.87,22.78,19.48,21.47,1.24,+6.13%,126780,0
08/10/2009,20.7,21.57,19.82,20.23,-0.75,-3.57%,85640,0
08/03/2009,19.39,21.82,18.13,20.98,1.76,+9.16%,148680,0
07/27/2009,19.22,20,18.32,19.22,0.11,+0.58%,91920,0
07/20/2009,18.03,19.24,17.57,19.11,1.26,+7.06%,97040,0
07/13/2009,17.58,19.22,17.01,17.85,0.28,+1.59%,137220,0
07/06/2009,18.74,19.26,17.34,17.57,-1.15,-6.14%,97880,0
06/29/2009,19.41,19.98,18.7,18.72,-0.69,-3.55%,100500,0
06/22/2009,18.81,19.55,18.15,19.41,0.56,+2.97%,233380,0
06/15/2009,17.67,19.11,17.25,18.85,0.91,+5.07%,106140,0
06/08/2009,18.51,18.72,17.16,17.94,-0.64,-3.44%,82400,0
06/01/2009,17.68,19.15,17.3,18.58,0.42,+2.31%,143020,0
05/25/2009,18.32,19.53,17.54,18.16,-0.34,-1.84%,173875,0
05/18/2009,21.25,21.25,18.45,18.5,-2.76,-12.98%,137860,0
05/11/2009,22.26,23.5,20.89,21.26,-2.78,-11.56%,181200,0
05/04/2009,20.99,24.76,19.77,24.04,3.22,+15.47%,208540,0
04/27/2009,19.51,21.92,18.68,20.82,0.9,+4.52%,106300,0
04/20/2009,17.29,20.59,16.55,19.92,2.12,+11.91%,138040,0
04/13/2009,17.86,18.11,16.1,17.8,-0.38,-2.09%,86200,0
04/06/2009,18,18.25,16.41,18.18,-0.05,-0.27%,70125,0
03/30/2009,16.09,18.27,15.08,18.23,1.59,+9.56%,131720,0
03/23/2009,16.99,19.55,15.73,16.64,0.1,+0.60%,179720,0
03/16/2009,16.53,17.61,15.64,16.54,0.24,+1.47%,105440,0
03/09/2009,12.92,16.52,12.01,16.3,3.09,+23.39%,132520,0
03/02/2009,15.33,15.47,12.68,13.21,-2.41,-15.43%,138120,0
02/23/2009,20.2,20.87,15.62,15.62,-4.31,-21.63%,130180,0
02/16/2009,21.69,22.29,19.64,19.93,-2.82,-12.40%,94100,0
02/09/2009,23.87,24.05,21.94,22.75,-1.3,-5.41%,54300,0
02/02/2009,20.67,24.05,20.67,24.05,3.08,+14.69%,74780,0
01/26/2009,20.78,22.95,20.12,20.97,0.29,+1.40%,45400,0
01/19/2009,21.5,22.27,19.8,20.68,-1.23,-5.61%,70025,0
01/12/2009,21.93,22.81,20.15,21.91,-0.04,-0.18%,90320,0
01/05/2009,21.73,23.99,21.07,21.95,0.31,+1.43%,126820,0
12/29/2008,19.94,21.83,18.32,21.64,1.69,+8.47%,112975,0
12/22/2008,20.31,20.35,18.77,19.95,-0.31,-1.53%,54500,0
12/15/2008,20.34,21,18.94,20.26,0.13,+0.65%,108700,0
12/08/2008,19.71,22.09,18.09,20.13,0.86,+4.46%,146520,0
12/01/2008,17.38,19.77,15.08,19.27,1.29,+7.17%,190600,0
11/24/2008,16.44,18.41,14.78,17.98,1.82,+11.26%,120700,0
11/17/2008,17.75,18.73,14.4,16.16,-1.64,-9.21%,135980,0
11/10/2008,21.87,21.87,16.93,17.8,-3.61,-16.86%,102440,0
11/03/2008,21.67,24.49,20.69,21.41,-1.33,-5.85%,82680,0
10/27/2008,17.37,22.98,16.17,22.74,4.7,+26.05%,82920,0
10/20/2008,20.85,21,17.37,18.04,-2.29,-11.26%,67560,0
10/13/2008,19.93,23,19.01,20.33,1.33,+7.00%,142680,0
10/06/2008,25.31,26.63,16.13,19,-6.95,-26.78%,128780,0
09/29/2008,29.59,29.59,25.93,25.95,-3.5,-11.88%,78960,0
09/22/2008,31.42,31.64,28.33,29.45,-1.83,-5.85%,76760,0
09/15/2008,27.35,32.46,26,31.28,3.78,+13.75%,166960,0
09/08/2008,27.1,28.24,26.53,27.5,0.91,+3.42%,67080,0
09/01/2008,28.88,29.24,26.41,26.59,-1.91,-6.70%,75675,0
08/25/2008,28.23,28.91,27.29,28.5,0.12,+0.42%,69340,0
08/18/2008,28.69,28.95,27.58,28.38,-0.2,-0.70%,58320,0
08/11/2008,29.56,30.02,27.8,28.58,-1.1,-3.71%,107620,0
08/04/2008,28.43,30.19,27.17,29.68,0.99,+3.45%,97280,0
07/28/2008,28.52,29.67,27.59,28.69,0.16,+0.56%,77120,0
07/21/2008,25.85,29.37,25.85,28.53,1.35,+4.97%,80540,0
07/14/2008,26.85,28.65,25.08,27.18,0.56,+2.10%,96140,0
07/07/2008,24.06,26.82,23.85,26.62,2.65,+11.06%,96120,0
06/30/2008,25.51,25.51,23.91,23.97,-1.58,-6.18%,133025,0
06/23/2008,25.24,25.66,24.07,25.55,0.98,+3.99%,179280,0
06/16/2008,26.83,26.85,24.14,24.57,-2.33,-8.66%,147000,0
06/09/2008,27.15,27.69,26.14,26.9,-0.06,-0.22%,85120,0
06/02/2008,27.55,28.55,26.6,26.96,-0.67,-2.42%,110220,0
05/26/2008,26.02,28.31,26,27.63,1.56,+5.98%,185125,0
05/19/2008,26.7,27.24,25.78,26.07,-0.68,-2.54%,115880,0
05/12/2008,27.01,27.75,24.05,26.75,0.06,+0.22%,215520,0
05/05/2008,26.2,27.47,22.85,26.69,0.68,+2.61%,276140,0
04/28/2008,25.13,27.37,25.13,26.01,0.8,+3.17%,127320,0
04/21/2008,25.78,26.02,24.25,25.21,-0.73,-2.81%,104220,0
04/14/2008,25.47,26.63,24.56,25.94,0.3,+1.17%,125900,0
04/07/2008,25.9,26.3,25.11,25.64,-0.03,-0.12%,76860,0
03/31/2008,24.33,26.11,23.75,25.67,1.43,+5.90%,95600,0
03/24/2008,23.74,25.12,23.62,24.24,0.69,+2.93%,95300,0
03/17/2008,21,23.83,20.8,23.55,2.09,+9.74%,179675,0
03/10/2008,21.44,22.85,21.02,21.46,0.08,+0.37%,164680,0
03/03/2008,20.95,22.28,20.95,21.38,0.44,+2.10%,192680,0
02/25/2008,18.84,21.68,18.72,20.94,2.14,+11.38%,236860,0
02/18/2008,20.81,21.37,16.51,18.8,-1.69,-8.25%,245875,0
02/11/2008,22.8,22.89,20.3,20.49,-2.59,-11.22%,126440,0
02/04/2008,24.17,24.17,22.75,23.08,-0.91,-3.79%,127020,0
01/28/2008,24.25,24.87,21.89,23.99,-0.36,-1.48%,193800,0
01/21/2008,21.97,25.33,21.97,24.35,1.52,+6.66%,213975,0
01/14/2008,23.58,24.02,22.53,22.83,-0.55,-2.35%,186860,0
01/07/2008,24.02,24.71,22.93,23.38,-0.57,-2.38%,166620,0
12/31/2007,25.25,26.13,23.43,23.95,-1.47,-5.78%,152075,0
12/24/2007,24.85,26.34,24.66,25.42,0.82,+3.33%,127950,0
12/17/2007,24.19,25.46,23.4,24.6,0.29,+1.19%,181900,0
12/10/2007,25.33,25.53,24.19,24.31,-1.01,-3.99%,156580,0
12/03/2007,26.54,26.54,24.54,25.32,-1.27,-4.78%,213020,0
11/26/2007,27.83,28.34,26.41,26.59,-1.26,-4.52%,163220,0
11/19/2007,28.16,28.43,27.18,27.85,-0.65,-2.28%,83300,0
11/12/2007,27.44,29.17,27.32,28.5,0.77,+2.78%,156120,0
11/05/2007,30.33,30.33,26.17,27.73,-2.59,-8.54%,179900,0
10/29/2007,34.13,34.8,29.17,30.32,-3.7,-10.88%,179020,0
10/22/2007,33.52,35.38,32.94,34.02,0.21,+0.62%,115660,0
10/15/2007,35.52,35.96,33.68,33.81,-1.76,-4.95%,175380,0
10/08/2007,35.33,35.95,34.55,35.57,0.07,+0.20%,111760,0
10/01/2007,33.25,35.67,33.14,35.5,2.26,+6.80%,99260,0
09/24/2007,32.64,33.55,31.45,33.24,0.53,+1.62%,60200,0
09/17/2007,29.47,33.3,29.01,32.71,3.22,+10.92%,123400,0
09/10/2007,30.57,30.85,28.76,29.49,-0.88,-2.90%,53040,0
09/03/2007,31.84,32.96,30.27,30.37,-1.66,-5.18%,79900,0
08/27/2007,32.94,33.5,31.78,32.03,-1.08,-3.26%,74580,0
08/20/2007,33.06,34.32,32.39,33.11,0.15,+0.46%,89700,0
08/13/2007,33.84,34.87,30.07,32.96,-0.41,-1.23%,172920,0
08/06/2007,30.87,36.75,29.3,33.37,3.35,+11.16%,229020,0
07/30/2007,30.68,31.49,29.47,30.02,-0.68,-2.21%,201860,0
07/23/2007,32.43,32.65,30.64,30.7,-1.65,-5.10%,165140,0
07/16/2007,32.93,33.73,31.81,32.35,-0.75,-2.27%,111060,0
07/09/2007,34.52,34.55,32.59,33.1,-1.43,-4.14%,101660,0
07/02/2007,34.04,34.72,33.59,34.53,0.84,+2.49%,77175,0
06/25/2007,31.4,33.8,30.45,33.69,2.18,+6.92%,136840,0
06/18/2007,31.66,31.93,30.25,31.51,-0.19,-0.60%,165700,0
06/11/2007,31.78,32.64,31.23,31.7,-0.3,-0.94%,149600,0
06/04/2007,31.3,32.16,31.2,32,0.45,+1.43%,107080,0
05/28/2007,30.06,31.63,29.8,31.55,1.65,+5.52%,132425,0
05/21/2007,30.75,31.72,29.79,29.9,-0.97,-3.14%,55560,0
05/14/2007,31.42,31.79,29.68,30.87,-0.91,-2.86%,91900,0
05/07/2007,31.52,32.21,30.86,31.78,-0.1,-0.31%,75860,0
04/30/2007,30.52,31.92,29.83,31.88,1.38,+4.52%,112820,0
04/23/2007,30.52,31.2,29.92,30.5,-0.18,-0.59%,50620,0
04/16/2007,30.9,31.86,29.99,30.68,-0.07,-0.23%,92500,0
04/09/2007,31.35,31.36,30.33,30.75,-0.6,-1.91%,84680,0
04/02/2007,31.46,31.75,31.23,31.35,-0.32,-1.01%,56675,0
03/26/2007,30.91,31.97,30.91,31.67,0.71,+2.29%,99100,0
03/19/2007,29.12,31.34,28.84,30.96,2.03,+7.02%,98580,0
03/12/2007,29.07,29.5,27.9,28.93,-0.13,-0.45%,133400,0
03/05/2007,28.62,29.74,28.17,29.06,0.05,+0.17%,128960,0
02/26/2007,30.6,31.25,28.5,29.01,-1.39,-4.57%,129020,0
02/19/2007,31.47,32.17,30.09,30.4,-1.15,-3.65%,74775,0
02/12/2007,31.42,31.79,30.19,31.55,0.24,+0.77%,55560,0
02/05/2007,31.08,31.72,29.84,31.31,0,0.00%,54240,0
01/29/2007,29.13,31.46,29.06,31.31,1.89,+6.42%,165220,0
01/22/2007,29.45,29.84,28.46,29.42,0.01,+0.03%,51580,0
01/15/2007,29.22,29.85,28.47,29.41,0.42,+1.45%,69650,0
01/08/2007,29.28,29.78,28.63,28.99,-0.22,-0.75%,40880,0
01/01/2007,30.6,31.37,29.13,29.21,-1.42,-4.64%,118666,0
12/25/2006,30.41,31.4,30.11,30.63,0.14,+0.46%,103000,0
12/18/2006,30.75,31.09,29.82,30.49,-0.23,-0.75%,130040,0
12/11/2006,30.32,31.02,30.23,30.72,0.27,+0.89%,105700,0
12/04/2006,31.51,31.64,30.02,30.45,-0.96,-3.06%,42840,0
11/27/2006,31.1,31.5,29.95,31.41,0.13,+0.42%,89940,0
11/20/2006,31.54,31.77,31.06,31.28,-0.33,-1.04%,51600,0
11/13/2006,31.11,32.23,30.77,31.61,0.34,+1.09%,141360,0
11/06/2006,28.05,31.36,27.28,31.27,3.29,+11.76%,157680,0
10/30/2006,26.97,28.67,25.57,27.98,0.79,+2.91%,74460,0
10/23/2006,27.06,28.09,26.94,27.19,-0.1,-0.37%,41780,0
10/16/2006,27.35,28.01,26.5,27.29,-0.01,-0.04%,37100,0
10/09/2006,25.87,27.4,25.15,27.3,1.28,+4.92%,66400,0
10/02/2006,25.44,26.91,24.71,26.02,0.42,+1.64%,54100,0
09/25/2006,25.38,26.98,25.09,25.6,0.28,+1.11%,66280,0
09/18/2006,25.76,26.4,24.96,25.32,-0.39,-1.52%,77680,0
09/11/2006,23.31,25.76,23.31,25.71,2.11,+8.94%,89420,0
09/04/2006,23.46,24.05,22.9,23.6,0.21,+0.90%,90275,0
08/28/2006,21.86,23.39,21.75,23.39,1.86,+8.64%,62800,0
08/21/2006,22.74,22.86,21.42,21.53,-1.47,-6.39%,90500,0
08/14/2006,23.42,23.7,22.5,23,-0.31,-1.33%,135260,0
08/07/2006,23.96,24.81,22.45,23.31,-0.94,-3.88%,109140,0
07/31/2006,27.26,27.77,23.15,24.25,-3.84,-13.67%,156920,0
07/24/2006,25.23,28.12,25.23,28.09,3.04,+12.14%,62660,0
07/17/2006,25.22,27.72,24.82,25.05,-0.29,-1.14%,145320,0
07/10/2006,27.1,27.4,25.17,25.34,-1.74,-6.43%,63260,0
07/03/2006,27.65,28.17,26.99,27.08,-0.73,-2.62%,56625,0
06/26/2006,27.45,28.58,26.8,27.81,0.43,+1.57%,117920,0
06/19/2006,28.44,28.44,26.84,27.38,-1.06,-3.73%,48100,0
06/12/2006,26.67,28.75,26,28.44,1.75,+6.56%,120580,0
06/05/2006,27.15,27.86,25.99,26.69,-0.61,-2.23%,94040,0
05/29/2006,26.91,27.46,25.93,27.3,0.22,+0.81%,59700,0
05/22/2006,26.8,27.24,25.04,27.08,0.05,+0.18%,80960,0
05/15/2006,28.46,28.9,26.45,27.03,-1.53,-5.36%,50880,0
05/08/2006,28.98,29.1,28.2,28.56,-0.44,-1.52%,78420,0
05/01/2006,27.03,29.5,26.1,29,2.11,+7.85%,106940,0
04/24/2006,26.6,27.98,26.23,26.89,0.17,+0.64%,113580,0
04/17/2006,27.76,28.31,26.19,26.72,-1.11,-3.99%,89500,0
04/10/2006,28.43,28.71,27.52,27.83,-0.44,-1.56%,78475,0
04/03/2006,30.18,30.25,27.63,28.27,-1.79,-5.95%,121220,0
03/27/2006,29.77,30.27,29.13,30.06,0.32,+1.08%,72440,0
03/20/2006,30.37,30.37,28.83,29.74,-0.66,-2.17%,76820,0
03/13/2006,28.29,30.66,28.11,30.4,2.19,+7.76%,93600,0
03/06/2006,28.2,28.65,27,28.21,-0.07,-0.25%,159280,0
02/27/2006,27.19,28.88,27.01,28.28,1.05,+3.86%,238100,0
02/20/2006,32.9,32.92,23.86,27.23,-5.38,-16.50%,293775,0
02/13/2006,30.83,33.28,30.49,32.61,1.56,+5.02%,40860,0
02/06/2006,32,32,30.43,31.05,-1.06,-3.30%,108480,0
01/30/2006,32.45,32.99,31.53,32.11,-0.28,-0.86%,40100,0
01/23/2006,29.81,32.49,29.81,32.39,2.83,+9.57%,44140,0
01/16/2006,29.5,30.82,28.75,29.56,-0.28,-0.94%,32875,0
01/09/2006,30.09,30.83,29.52,29.84,-0.33,-1.09%,40220,0
01/02/2006,28.12,30.25,26.99,30.17,2.37,+8.53%,71100,0
12/26/2005,28.72,29.1,27.3,27.8,-0.92,-3.20%,35600,0
12/19/2005,26.89,28.79,26.79,28.72,1.73,+6.41%,56840,0
12/12/2005,28.35,28.43,26.87,26.99,-1.07,-3.81%,85780,0
12/05/2005,29.72,29.72,27.21,28.06,-1.5,-5.07%,60740,0
11/28/2005,28.77,29.86,28.14,29.56,0.52,+1.79%,50360,0
11/21/2005,29.25,29.6,28.54,29.04,-0.28,-0.95%,39650,0
11/14/2005,28.9,29.4,28.18,29.32,0.57,+1.98%,49900,0
11/07/2005,28.92,29.35,28.08,28.75,-0.03,-0.10%,79880,0
10/31/2005,28.23,29.15,27.63,28.78,0.62,+2.20%,81640,0
10/24/2005,27.94,28.75,27.29,28.16,0.36,+1.29%,60940,0
10/17/2005,27.8,28.75,26.66,27.8,0.04,+0.14%,58340,0
10/10/2005,27.45,27.78,26.3,27.76,0.24,+0.87%,78580,0
10/03/2005,28.3,29.14,26.84,27.52,-0.81,-2.86%,99640,0
09/26/2005,27.87,29.46,27.05,28.33,0.4,+1.43%,121400,0
09/19/2005,28.5,28.5,26.64,27.93,-0.41,-1.45%,117200,0
09/12/2005,27.27,28.97,27.15,28.34,1.26,+4.65%,293360,0
09/05/2005,26.41,27.62,25.81,27.08,0.97,+3.72%,316325,0
08/29/2005,22.9,26.51,22.9,26.11,3.19,+13.92%,126500,0
08/22/2005,24,24.72,22.92,22.92,-1.01,-4.22%,92580,0
08/15/2005,23.6,23.98,23.27,23.93,0.33,+1.40%,72980,0
08/08/2005,23.57,24.31,23.32,23.6,-0.09,-0.38%,105800,0
08/01/2005,26,26.64,22.84,23.69,-2.3,-8.85%,85360,0
07/25/2005,25.63,25.99,25.26,25.99,0.35,+1.37%,56300,0
07/18/2005,23.83,25.64,23.61,25.64,1.81,+7.60%,99700,0
07/11/2005,22.35,24.13,22.16,23.83,1.48,+6.62%,63960,0
07/04/2005,23.64,24.24,22.05,22.35,-1.53,-6.41%,71000,0
06/27/2005,23.06,24.46,22.29,23.88,0.76,+3.29%,50260,0
06/20/2005,23.75,24.76,23.05,23.12,-0.63,-2.65%,78060,0
06/13/2005,23.32,24.44,22.8,23.75,0.55,+2.37%,153480,0
06/06/2005,22.8,23.46,22.46,23.2,0.62,+2.75%,175980,0
05/30/2005,22.6,23.46,22.24,22.58,0.42,+1.90%,61325,0
05/23/2005,22.14,23.22,21.55,22.16,-0.17,-0.76%,29840,0
05/16/2005,20.86,22.98,20.44,22.33,1.28,+6.08%,53460,0
05/09/2005,23.77,23.8,20.72,21.05,-2.72,-11.44%,60760,0
05/02/2005,21.74,24.6,21.56,23.77,1.57,+7.07%,71400,0
04/25/2005,21.23,22.26,20.84,22.2,1.14,+5.41%,52540,0
04/18/2005,21.72,22.43,20.75,21.06,-0.58,-2.68%,49900,0
04/11/2005,22.46,23.19,21.29,21.64,-0.75,-3.35%,50160,0
04/04/2005,22.5,23.73,22.2,22.39,-0.15,-0.67%,75420,0
03/28/2005,23.14,24.35,21.79,22.54,-1.24,-5.21%,117260,0
03/21/2005,23.5,23.95,23.125,23.78,0.37,+1.58%,95850,0
03/14/2005,20.845,23.78,20.845,23.41,2.19,+10.32%,154880,0
03/07/2005,21.265,21.94,20.9,21.22,-0.02,-0.09%,167840,0
02/28/2005,21.75,22.225,20.775,21.24,-0.37,-1.71%,97920,0
02/21/2005,20.5,22.1,20.38,21.61,0.865,+4.17%,97450,0
02/14/2005,21.89,22.32,20.525,20.745,-1.305,-5.92%,103200,0
02/07/2005,21.785,22.32,21.205,22.05,0.535,+2.49%,82360,0
01/31/2005,21.04,21.83,20.865,21.515,0.725,+3.49%,79160,0
01/24/2005,21.625,21.965,20.53,20.79,-1.205,-5.48%,33560,0
01/17/2005,22.605,22.605,21.65,21.995,-0.18,-0.81%,62050,0
01/10/2005,22.005,22.8,21.445,22.175,0.15,+0.68%,52680,0
01/03/2005,21.75,23.15,21.05,22.025,0.22,+1.01%,95959,0
12/27/2004,21.965,22.37,21.505,21.805,-0.175,-0.80%,26720,0
12/20/2004,22.19,23,21.835,21.98,-0.41,-1.83%,30750,0
12/13/2004,21.07,22.74,21.07,22.39,1.39,+6.62%,35000,0
12/06/2004,22.14,22.275,20.945,21,-1,-4.55%,35280,0
11/29/2004,21.365,22.62,20.935,22,0.9,+4.27%,137240,0
11/22/2004,20,21.18,19.89,21.1,0.91,+4.51%,74250,0
11/15/2004,21.205,21.205,19.81,20.19,-0.98,-4.63%,68120,0
11/08/2004,21.02,21.4,18.72,21.17,0.065,+0.31%,99320,0
11/01/2004,19.1,21.66,19.1,21.105,1.64,+8.43%,92280,0
10/25/2004,19.3,19.955,19.11,19.465,-0.06,-0.31%,65080,0
10/18/2004,19.545,20.29,19.025,19.525,-0.16,-0.81%,92120,0
10/11/2004,19.01,19.685,18.74,19.685,0.56,+2.93%,85240,0
10/04/2004,18.975,19.19,18.57,19.125,0.3,+1.59%,54400,0
09/27/2004,17.17,18.825,16.75,18.825,1.525,+8.82%,109760,0
09/20/2004,16.75,17.4,16.75,17.3,0.36,+2.13%,92080,0
09/13/2004,17.08,17.51,16.815,16.94,-0.06,-0.35%,278600,0
09/06/2004,17.13,17.485,16.82,17,-0.14,-0.82%,155200,0
08/30/2004,17.15,17.625,16.88,17.14,0.015,+0.09%,51000,0
08/23/2004,16.795,17.275,16.78,17.125,0.38,+2.27%,59160,0
08/16/2004,16,16.83,15.92,16.745,0.795,+4.98%,119680,0
08/09/2004,15.23,16.15,15.2,15.95,0.805,+5.32%,45720,0
08/02/2004,16.06,16.475,14.62,15.145,-1.05,-6.48%,73120,0
07/26/2004,16.565,16.99,16.005,16.195,-0.615,-3.66%,33680,0
07/19/2004,17.245,17.625,16.06,16.81,0.17,+1.02%,28920,0
07/12/2004,18.115,18.13,16.64,16.64,-1.235,-6.91%,36800,0
07/05/2004,18.41,18.66,16.865,17.875,-0.78,-4.18%,27100,0
06/28/2004,17.86,19.25,17.485,18.655,1.27,+7.31%,41760,0
06/21/2004,16.825,18.445,16.82,17.385,0.4,+2.36%,79360,0
06/14/2004,16.535,17.71,16.275,16.985,0.36,+2.17%,34760,0
06/07/2004,16.97,17.15,16.205,16.625,-0.365,-2.15%,35950,0
05/31/2004,15.98,17.05,15.765,16.99,1.415,+9.09%,28950,0
05/24/2004,15.275,16.5,15.275,15.575,0.375,+2.47%,20120,0
05/17/2004,15.245,15.765,14.75,15.2,-0.01,-0.07%,26120,0
05/10/2004,15.875,16.12,15.1,15.21,-0.665,-4.19%,39600,0
05/03/2004,15.87,16.195,15.505,15.875,0.295,+1.89%,41040,0
04/26/2004,16.455,16.665,15.58,15.58,-0.67,-4.12%,19160,0
04/19/2004,16.035,16.36,15.91,16.25,0.12,+0.74%,18920,0
04/12/2004,15.88,16.28,15.55,16.13,0.245,+1.54%,34400,0
04/05/2004,15.655,16,15.64,15.885,0.13,+0.83%,34800,0
03/29/2004,15.15,15.765,14.845,15.755,0.455,+2.97%,38280,0
03/22/2004,14.995,15.36,14.695,15.3,0.375,+2.51%,25760,0
03/15/2004,15.055,15.835,14.655,14.925,-0.32,-2.10%,65400,0
03/08/2004,15.44,15.515,14.405,15.245,-0.02,-0.13%,26480,0
03/01/2004,15.56,15.56,15,15.265,0.025,+0.16%,13480,0
02/23/2004,15.125,15.57,14.925,15.24,-0.135,-0.88%,52240,0
02/16/2004,15.125,15.45,14.77,15.375,0.375,+2.50%,82600,0
02/09/2004,14.675,15.595,14.615,15,0.165,+1.11%,40880,0
02/02/2004,14.985,15,14.365,14.835,0.08,+0.54%,31400,0
01/26/2004,14.65,14.97,14.25,14.755,0.035,+0.24%,65800,0
01/19/2004,13.73,14.72,13.73,14.72,0.615,+4.36%,84499,0
01/12/2004,13.875,14.46,13.64,14.105,0.24,+1.73%,75280,0
01/05/2004,13.965,13.97,13.6,13.865,-0.035,-0.25%,53000,0
12/29/2003,13.85,14,13.57,13.9,0.275,+2.02%,52200,0
12/22/2003,13.605,13.85,13.605,13.625,-0.075,-0.55%,30250,0
12/15/2003,13.875,13.875,13.5,13.7,-0.175,-1.26%,24840,0
12/08/2003,13.72,13.95,13.6,13.875,0.275,+2.02%,68400,0
12/01/2003,13.955,14.125,13.495,13.6,-0.065,-0.48%,40640,0
11/24/2003,13.95,14.19,13.665,13.665,-0.275,-1.97%,26850,0
11/17/2003,14.035,14.05,13.6,13.94,-0.145,-1.03%,95200,0
11/10/2003,14.45,14.55,13.96,14.085,-0.33,-2.29%,30080,0
11/03/2003,14.435,14.73,14.205,14.415,0.165,+1.16%,34920,0
10/27/2003,13.83,14.95,13.765,14.25,0.5,+3.64%,26960,0
10/20/2003,14.52,14.525,13.63,13.75,-0.5,-3.51%,20400,0
10/13/2003,14.435,14.905,14.21,14.25,-0.25,-1.72%,27800,0
10/06/2003,14.5,14.705,14.13,14.5,0,0.00%,14240,0
09/29/2003,13.96,14.5,13.745,14.5,0.545,+3.91%,24360,0
09/22/2003,14.055,14.385,13.9,13.955,-0.25,-1.76%,36600,0
09/15/2003,13.91,14.37,13.86,14.205,0.065,+0.46%,29320,0
09/08/2003,14.17,14.44,13.765,14.14,0.01,+0.07%,20920,0
09/01/2003,14.07,14.45,13.855,14.13,0.28,+2.02%,27900,0
08/25/2003,13.635,14.18,13.2,13.85,0.095,+0.69%,67960,0
08/18/2003,13.605,14.125,13.535,13.755,0.115,+0.84%,27880,0
08/11/2003,13.5,13.745,13.17,13.64,0.15,+1.11%,27840,0
08/04/2003,13.44,13.59,12.9,13.49,0.115,+0.86%,139200,0
07/28/2003,13.495,13.71,13.01,13.375,-0.02,-0.15%,49240,0
07/21/2003,13.585,13.585,13.09,13.395,-0.06,-0.45%,32520,0
07/14/2003,13.895,13.9,13.05,13.455,-0.41,-2.96%,72560,0
07/07/2003,13.825,13.975,13.26,13.865,0.335,+2.48%,36000,0
06/30/2003,13.785,13.885,13.15,13.53,0.165,+1.23%,72650,0
06/23/2003,13.38,13.815,12.5,13.365,0.18,+1.37%,39760,0
06/16/2003,13.995,13.995,12.99,13.185,-0.48,-3.51%,34360,0
06/09/2003,13.5,13.89,13.3,13.665,0.2,+1.49%,27640,0
06/02/2003,12.945,13.5,12.885,13.465,0.515,+3.98%,51480,0
05/26/2003,13,13.075,12.55,12.95,0.2,+1.57%,76200,0
05/19/2003,12.55,12.925,12.5,12.75,0.25,+2.00%,15200,0
05/12/2003,12.49,12.595,12.44,12.5,0.14,+1.13%,28360,0
05/05/2003,12.31,12.625,12.085,12.36,-0.08,-0.64%,53320,0
04/28/2003,11.775,12.47,11.725,12.44,0.76,+6.51%,80440,0
04/21/2003,11.5,11.8,11.46,11.68,0.2,+1.74%,46240,0
04/14/2003,11.575,11.8,11.01,11.48,-0.04,-0.35%,27450,0
04/07/2003,11.495,11.875,11.295,11.52,0.06,+0.52%,108880,0
03/31/2003,11.22,11.5,10.965,11.46,0.165,+1.46%,35880,0
03/24/2003,11.745,11.8,11.285,11.295,-0.495,-4.20%,26640,0
03/17/2003,11.05,11.895,10.895,11.79,0.385,+3.38%,45240,0
03/10/2003,11.32,11.5,10.795,11.405,-0.045,-0.39%,50480,0
03/03/2003,11.495,11.5,11.055,11.45,0.15,+1.33%,34240,0
02/24/2003,11.135,11.75,10.995,11.3,0.17,+1.53%,410400,0
02/17/2003,11.43,11.44,10.75,11.13,-0.36,-3.13%,42800,0
02/10/2003,10.94,11.67,10.755,11.49,0.545,+4.98%,27280,0
02/03/2003,11.53,11.575,10.855,10.945,-0.585,-5.07%,51200,0
01/27/2003,11.875,12.015,11.37,11.53,-0.295,-2.49%,27720,0
01/20/2003,12,12.06,11.75,11.825,-0.275,-2.27%,42000,0
01/13/2003,11.75,12.1,11.72,12.1,0.3,+2.54%,47880,0
01/06/2003,11.85,11.92,11.71,11.8,-0.085,-0.72%,38560,0
12/30/2002,11.625,11.885,11.46,11.885,0.26,+2.24%,141500,0
12/23/2002,11.7,11.795,11.52,11.625,-0.12,-1.02%,47050,0
12/16/2002,11.225,11.8,11.15,11.745,0.5,+4.45%,62120,0
12/09/2002,11.605,11.625,11.245,11.245,-0.33,-2.85%,41840,0
12/02/2002,11.745,11.75,11.415,11.575,-0.165,-1.41%,18480,0
11/25/2002,11.25,11.75,11.17,11.74,0.48,+4.26%,40600,0
11/18/2002,10.855,11.3,10.77,11.26,0.065,+0.58%,49480,0
11/11/2002,10.98,11.245,10.755,11.195,0.25,+2.28%,28800,0
11/04/2002,10.975,11.045,10.72,10.945,-0.005,-0.05%,16800,0
10/28/2002,10.9,11,10.75,10.95,-0.02,-0.18%,40720,0
10/21/2002,10.535,10.97,10.535,10.97,0.495,+4.73%,23440,0
10/14/2002,10.41,10.75,10.41,10.475,-0.025,-0.24%,34280,0
10/07/2002,10.275,10.6,10.135,10.5,0.12,+1.16%,39520,0
09/30/2002,10.155,10.615,10.04,10.38,0.23,+2.27%,49360,0
09/23/2002,10.115,10.245,10,10.15,0.085,+0.84%,141440,0
09/16/2002,10.425,10.625,9.635,10.065,-0.36,-3.45%,46040,0
09/09/2002,9.885,10.47,9.78,10.425,0.49,+4.93%,22480,0
09/02/2002,9.58,9.94,9.5,9.935,0.275,+2.85%,77450,0
08/26/2002,9.575,9.675,9.5,9.66,0.075,+0.78%,39240,0
08/19/2002,9.5,9.65,9.45,9.585,0.085,+0.89%,60000,0
08/12/2002,9.275,9.545,9.225,9.5,0.09,+0.96%,88800,0
08/05/2002,9.955,10.25,8.605,9.41,-0.71,-7.02%,75880,0
07/29/2002,11.38,11.38,9.625,10.12,-0.725,-6.69%,320200,0
07/22/2002,11.865,11.985,10.73,10.845,-1.1,-9.21%,49760,0
07/15/2002,12.175,12.3,11.855,11.945,-0.23,-1.89%,74200,0
07/08/2002,12.125,12.41,12.065,12.175,-0.125,-1.02%,46440,0
07/01/2002,12.81,12.81,11.775,12.3,-0.66,-5.09%,57700,0
06/24/2002,12.825,13.015,12.675,12.96,0.16,+1.25%,132960,0
06/17/2002,12.63,13,12.265,12.8,-0.155,-1.20%,64480,0
06/10/2002,12.99,13.045,12.635,12.955,0.205,+1.61%,84560,0
06/03/2002,13.49,13.49,12.745,12.75,-0.92,-6.73%,146000,0
05/27/2002,13.575,13.775,13.525,13.67,0.095,+0.70%,72950,0
05/20/2002,13.5,13.825,13.05,13.575,0.075,+0.56%,86080,0
05/13/2002,13.6,13.6,12.465,13.5,-0.13,-0.95%,210120,0
05/06/2002,13.83,13.89,13.355,13.63,-0.205,-1.48%,47080,0
04/29/2002,13,14.065,12.91,13.835,0.835,+6.42%,135200,0
04/22/2002,14.78,14.9,12.95,13,-2,-13.33%,113920,0
04/15/2002,14.925,15.175,14.81,15,0.08,+0.54%,33480,0
04/08/2002,14.95,15.15,14.625,14.92,-0.055,-0.37%,60520,0
04/01/2002,15.255,15.575,14.865,14.975,-0.4,-2.60%,87680,0
03/25/2002,15.445,15.51,15.15,15.375,-0.065,-0.42%,25600,0
03/18/2002,15.35,15.695,15.35,15.44,-0.025,-0.16%,33960,0
03/11/2002,15.875,15.965,14.79,15.465,-0.41,-2.58%,55560,0
03/04/2002,14.825,15.875,14.825,15.875,1.125,+7.63%,72680,0
02/25/2002,14.5,14.775,14.21,14.75,0.375,+2.61%,69920,0
02/18/2002,14.45,14.75,14.15,14.375,0,0.00%,52850,0
02/11/2002,14.675,14.925,14.3,14.375,-0.425,-2.87%,221520,0
02/04/2002,16.51,16.53,13.95,14.8,-1.925,-11.51%,406440,0
01/28/2002,17.45,17.5,14.425,16.725,-0.755,-4.32%,1106640,0
01/21/2002,18.6,18.745,16.82,17.48,-0.85,-4.64%,2459150,0
01/14/2002,18.725,18.96,17.97,18.33,-0.42,-2.24%,2097440,0
01/07/2002,18.74,18.89,18.675,18.75,0.01,+0.05%,169800,0
12/31/2001,18.765,18.78,18.74,18.74,-0.02,-0.11%,222050,0
12/24/2001,18.76,18.805,18.75,18.76,0.005,+0.03%,74500,0
12/17/2001,18.675,19.1025,18.03,18.755,0.0275,+0.15%,442813,0
12/10/2001,18.2025,19.1775,17.2125,18.7275,0.5325,+2.93%,12079,0
12/03/2001,19.1775,19.1775,18.195,18.195,-0.9825,-5.12%,4853,0
11/26/2001,19.3875,19.3875,18.4575,19.1775,0,0.00%,6639,0
11/19/2001,19.125,19.5,18.1875,19.1775,0.0525,+0.27%,14333,0
11/12/2001,18.8025,19.1625,18.5775,19.125,0.3375,+1.80%,9172,0
11/05/2001,18.39,19.2225,18.375,18.7875,0.1875,+1.01%,27039,0
10/29/2001,19.1175,19.125,17.775,18.6,0.0525,+0.28%,4479,0
10/22/2001,18.15,19.1025,16.77,18.5475,0.5475,+3.04%,9999,0
10/15/2001,17.445,19.125,16.6125,18,-0.075,-0.41%,15466,0
10/08/2001,15.2625,18.075,15.0075,18.075,2.565,+16.54%,12426,0
10/01/2001,15.75,17.2125,15.42,15.51,-0.6225,-3.86%,28053,0
09/24/2001,15.9825,16.9275,15.5625,16.1325,0.5325,+3.41%,28559,0
09/17/2001,18.0375,18.885,15.6,15.6,-3.1125,-16.63%,11706,0
09/10/2001,18.5625,18.855,18.1875,18.7125,0.525,+2.89%,6666,0
09/03/2001,18.855,18.855,18.1875,18.1875,-0.555,-2.96%,6566,0
08/27/2001,18.8775,18.8775,18.1425,18.7425,0.18,+0.97%,8160,0
08/20/2001,19.77,19.77,18.225,18.5625,-0.8475,-4.37%,16159,0
08/13/2001,19.125,19.95,18.75,19.41,-0.015,-0.08%,47839,0
08/06/2001,18.75,20.025,18.5625,19.425,0.5625,+2.98%,20239,0
07/30/2001,19.275,19.545,18.675,18.8625,-0.1875,-0.98%,7519,0
07/23/2001,18.69,19.425,18.375,19.05,-0.0675,-0.35%,20212,0
07/16/2001,18.9375,19.1175,18.2475,19.1175,0.4425,+2.37%,18186,0
07/09/2001,15.81,19.1175,15.81,18.675,1.875,+11.16%,81759,0
07/02/2001,17.925,18.15,15.165,16.8,-1.305,-7.21%,63966,0
06/25/2001,18.0375,18.2625,17.2125,18.105,-0.045,-0.25%,32959,0
06/18/2001,18.45,18.795,17.4375,18.15,-0.3,-1.63%,15493,0
06/11/2001,19.575,19.875,18.4125,18.45,-1.5,-7.52%,15333,0
06/04/2001,20.25,20.25,19.65,19.95,-0.3,-1.48%,5786,0
05/28/2001,19.995,20.625,19.2,20.25,0.2775,+1.39%,17233,0
05/21/2001,18.645,20.3175,18.525,19.9725,1.32,+7.08%,19013,0
05/14/2001,17.25,18.7125,16.875,18.6525,1.455,+8.46%,38319,0
05/07/2001,18,18,16.3125,17.1975,-0.99,-5.44%,28639,0
04/30/2001,18.3975,19.1025,18.075,18.1875,-0.45,-2.41%,18079,0
04/23/2001,18.1125,18.66,17.4,18.6375,0.6375,+3.54%,11279,0
04/16/2001,18,18.1575,17.3775,18,-0.0375,-0.21%,18293,0
04/09/2001,17.535,18.405,17.535,18.0375,0.6,+3.44%,12499,0
04/02/2001,16.2675,17.625,16.2225,17.4375,1.0275,+6.26%,23386,0
03/26/2001,16.17,16.41,15.795,16.41,0.285,+1.77%,18466,0
03/19/2001,15.66,16.125,15.5625,16.125,0.465,+2.97%,11226,0
03/12/2001,15.5625,16.455,15.285,15.66,-0.6975,-4.26%,11253,0
03/05/2001,16.3575,16.5,15.9375,16.3575,-0.0525,-0.32%,30933,0
02/26/2001,13.455,16.5,13.455,16.41,2.6775,+19.50%,39733,0
02/19/2001,15.0975,15.0975,13.2225,13.7325,-0.99,-6.72%,23099,0
02/12/2001,15.375,16.125,14.535,14.7225,-0.6075,-3.96%,62373,0
02/05/2001,16.4775,16.5,14.7225,15.33,-0.8925,-5.50%,16293,0
01/29/2001,16.2225,16.875,15.375,16.2225,0.0975,+0.60%,23226,0
01/22/2001,15.915,16.455,14.91,16.125,0.5175,+3.32%,30959,0
01/15/2001,14.205,16.3125,13.9725,15.6075,1.635,+11.70%,20399,0
01/08/2001,13.545,14.8125,13.545,13.9725,0.33,+2.42%,11679,0
01/01/2001,14.3925,14.6925,13.5,13.6425,-0.8925,-6.14%,7299,0
12/25/2000,13.2675,14.91,12,14.535,1.035,+7.67%,15299,0
12/18/2000,13.9725,14.0175,12.5175,13.5,-0.495,-3.54%,5999,0
12/11/2000,13.83,13.995,13.5,13.995,0.075,+0.54%,7706,0
12/04/2000,13.5975,13.92,13.2675,13.92,0.09,+0.65%,9812,0
11/27/2000,12.75,13.83,12.75,13.83,0.4725,+3.54%,21946,0
11/20/2000,12.4725,13.41,12.0975,13.3575,0.6975,+5.51%,6833,0
11/13/2000,11.67,13.035,11.4375,12.66,1.2225,+10.69%,61146,0
11/06/2000,12,12.75,11.25,11.4375,-0.75,-6.15%,74666,0
10/30/2000,13.2225,13.2225,12.1875,12.1875,-0.75,-5.80%,39999,0
10/23/2000,14.4375,14.4375,12.9375,12.9375,-1.6875,-11.54%,7199,0
10/16/2000,14.16,14.7225,13.17,14.625,0.495,+3.50%,7519,0
10/09/2000,14.13,14.91,13.5,14.13,-0.24,-1.67%,7519,0
10/02/2000,14.91,14.91,13.5,14.37,0.12,+0.84%,8479,0
09/25/2000,14.3925,14.91,14.0625,14.25,-0.285,-1.96%,29013,0
09/18/2000,13.6875,14.535,13.6875,14.535,0.99,+7.31%,16559,0
09/11/2000,12.9375,13.83,12.795,13.545,0.795,+6.24%,12666,0
09/04/2000,13.3125,13.5,12.75,12.75,-0.045,-0.35%,10699,0
08/28/2000,12.75,13.785,12.75,12.795,0.2325,+1.85%,3706,0
08/21/2000,12.66,13.2225,12.375,12.5625,-0.1425,-1.12%,7546,0
08/14/2000,12.5175,13.08,12.495,12.705,0.2325,+1.86%,12500,0
08/07/2000,12,12.8925,12,12.4725,-0.045,-0.36%,11519,0
07/31/2000,11.4375,12.5625,11.25,12.5175,1.035,+9.01%,6639,0
07/24/2000,11.8125,12.375,11.25,11.4825,-0.1875,-1.61%,4826,0
07/17/2000,11.8125,12.1875,11.67,11.67,0.135,+1.17%,3439,0
07/10/2000,12.5625,13.245,11.4375,11.535,-0.465,-3.88%,15039,0
07/03/2000,12.285,13.6875,11.8125,12,-0.75,-5.88%,5933,0
06/26/2000,11.535,13.5975,11.25,12.75,1.5,+13.33%,26586,0
06/19/2000,11.25,12.54,11.25,11.25,0,0.00%,27279,0
06/12/2000,11.25,11.7225,11.0625,11.25,-0.75,-6.25%,8853,0
06/05/2000,11.415,12.33,11.16,12,0.9375,+8.47%,12639,0
05/29/2000,11.25,11.91,11.0625,11.0625,-0.1875,-1.67%,6599,0
05/22/2000,10.92,12,10.6875,11.25,0.375,+3.45%,19119,0
05/15/2000,11.8125,12.75,10.875,10.875,-1.5,-12.12%,5759,0
05/08/2000,11.8125,12.375,10.92,12.375,0.1875,+1.54%,7359,0
05/01/2000,11.67,12.285,11.625,12.1875,0.165,+1.37%,4399,0
04/24/2000,11.0625,12.0225,10.785,12.0225,0.0225,+0.19%,6399,0
04/17/2000,11.25,12,10.5,12,1.125,+10.34%,8666,0
04/10/2000,11.7225,12,10.5,10.875,-1.125,-9.38%,5653,0
04/03/2000,11.7225,12.0975,11.4375,12,0.09,+0.76%,4772,0
03/27/2000,11.7675,12.75,11.3475,11.91,0.1425,+1.21%,20613,0
03/20/2000,12,12.4725,11.3475,11.7675,-0.795,-6.33%,13226,0
03/13/2000,12.42,12.9375,12.0975,12.5625,-0.1875,-1.47%,66506,0
03/06/2000,12.66,13.125,12.375,12.75,0.375,+3.03%,20986,0
02/28/2000,12.5175,12.66,12.375,12.375,-0.285,-2.25%,27839,0
02/21/2000,12.75,13.125,12.375,12.66,0.285,+2.30%,30499,0
02/14/2000,12.4725,12.9375,12.1875,12.375,0.1875,+1.54%,6292,0
02/07/2000,12.375,13.41,12,12.1875,-0.66,-5.14%,11066,0
01/31/2000,11.8125,12.8475,11.3475,12.8475,0.8475,+7.06%,12346,0
01/24/2000,11.4825,12.375,11.16,12,0.465,+4.03%,17919,0
01/17/2000,12.1875,12.4725,11.3475,11.535,-0.6975,-5.70%,26099,0
01/10/2000,12.75,12.8475,12.1875,12.2325,-0.615,-4.79%,5759,0
01/03/2000,13.17,13.17,12.2325,12.8475,-0.2775,-2.11%,50719,0
12/27/1999,13.5,13.6875,12.9375,13.125,-0.375,-2.78%,14879,0
12/20/1999,13.6875,13.875,13.5,13.5,0,0.00%,12866,0
12/13/1999,13.5,13.5,12.375,13.5,0.1425,+1.07%,14826,0
12/06/1999,13.41,13.875,13.3125,13.3575,-0.1425,-1.06%,10906,0
11/29/1999,13.545,13.875,13.5,13.5,0,0.00%,14746,0
11/22/1999,13.5,14.16,13.5,13.5,-0.75,-5.26%,4100,0
11/15/1999,13.9725,14.25,13.5,14.25,0.465,+3.37%,18239,0
11/08/1999,13.5,14.0625,13.5,13.785,0.285,+2.11%,9919,0
11/01/1999,12.8925,14.25,12.8475,13.5,0.75,+5.88%,15893,0
10/25/1999,12.9375,13.3125,11.91,12.75,-0.1875,-1.45%,14346,0
10/18/1999,13.545,13.545,12.8475,12.9375,-0.9375,-6.76%,5146,0
10/11/1999,13.6875,14.0625,13.125,13.875,0.5175,+3.87%,6746,0
10/04/1999,13.5975,13.785,13.08,13.3575,0.42,+3.25%,7706,0
09/27/1999,13.5,13.875,12.9375,12.9375,-0.9375,-6.76%,16213,0
09/20/1999,13.545,13.875,13.5,13.875,0.2775,+2.04%,21946,0
09/13/1999,13.5,13.785,13.5,13.5975,0.0975,+0.72%,17733,0
09/06/1999,13.6875,13.875,13.5,13.5,-0.1875,-1.37%,60766,0
08/30/1999,13.875,14.205,13.5,13.6875,-0.285,-2.04%,17013,0
08/23/1999,13.9725,14.3475,13.5,13.9725,-0.1875,-1.32%,33226,0
08/16/1999,14.625,14.625,13.5975,14.16,-0.465,-3.18%,7706,0
08/09/1999,13.6875,14.625,13.2225,14.625,0.84,+6.09%,183013,0
08/02/1999,13.9725,14.25,13.5,13.785,-0.09,-0.65%,6693,0
07/26/1999,14.535,14.625,13.875,13.875,-0.6075,-4.19%,6213,0
07/19/1999,14.58,14.67,14.25,14.4825,0.045,+0.31%,10746,0
07/12/1999,14.8125,15.285,14.3475,14.4375,-0.4725,-3.17%,21706,0
07/05/1999,14.8125,15.1875,14.16,14.91,0.0975,+0.66%,16933,0
06/28/1999,14.0625,15.1875,13.6875,14.8125,0.9375,+6.76%,29066,0
06/21/1999,13.41,14.4375,13.41,13.875,0.33,+2.44%,9706,0
06/14/1999,13.6875,14.16,13.3125,13.545,0.045,+0.33%,12719,0
06/07/1999,14.8125,14.8125,13.5,13.5,-1.3125,-8.86%,20026,0
05/31/1999,13.875,15.0975,13.6875,14.8125,0.75,+5.33%,12266,0
05/24/1999,14.4825,14.8125,13.5,14.0625,-0.42,-2.90%,8426,0
05/17/1999,14.0625,15,13.6875,14.4825,0.9825,+7.28%,62506,0
05/10/1999,13.875,15.375,13.5,13.5,-0.4725,-3.38%,33039,0
05/03/1999,14.25,14.4375,13.5975,13.9725,-0.2775,-1.95%,6479,0
04/26/1999,13.5,14.3475,12.9825,14.25,-0.1875,-1.30%,6319,0
04/19/1999,14.7225,14.8125,13.5,14.4375,0.2325,+1.64%,9306,0
04/12/1999,13.125,15,13.125,14.205,0.705,+5.22%,19386,0
04/05/1999,13.3125,14.0625,12.8475,13.5,0.1875,+1.41%,16693,0
03/29/1999,13.7325,13.9725,13.2225,13.3125,-0.285,-2.10%,62066,0
03/22/1999,13.5,14.0625,13.5,13.5975,-0.1875,-1.36%,13386,0
03/15/1999,14.0625,14.25,13.5,13.785,-0.1875,-1.34%,15413,0
03/08/1999,12.9375,14.625,12.9375,13.9725,0.33,+2.42%,41466,0
03/01/1999,14.0625,14.0625,12.9375,13.6425,-0.42,-2.99%,46186,0
02/22/1999,13.2225,14.16,13.2225,14.0625,0.5625,+4.17%,64133,0
02/15/1999,14.0625,14.295,12.5625,13.5,-0.375,-2.70%,14533,0
02/08/1999,14.625,15.375,13.875,13.875,-0.8475,-5.76%,6426,0
02/01/1999,15,15.5625,14.295,14.7225,0.24,+1.66%,19119,0
01/25/1999,14.8125,15.1875,14.4375,14.4825,-0.375,-2.52%,30079,0
01/18/1999,15.375,15.75,14.4375,14.8575,-0.495,-3.22%,14932,0
01/11/1999,15.375,16.5,14.535,15.3525,-0.3975,-2.52%,31733,0
01/04/1999,15.9375,16.875,15.375,15.75,-0.75,-4.55%,12693,0
12/28/1998,16.125,16.9725,15.66,16.5,0.375,+2.33%,8166,0
12/21/1998,15.285,16.9725,15.1875,16.125,0.84,+5.50%,17933,0
12/14/1998,14.7225,15.75,13.875,15.285,1.035,+7.26%,11946,0
12/07/1998,14.8125,15.1875,14.25,14.25,-0.9375,-6.17%,27546,0
11/30/1998,15.1875,15.375,14.7225,15.1875,0,0.00%,16266,0
11/23/1998,15.5625,15.66,14.67,15.1875,-0.375,-2.41%,17499,0
11/16/1998,15,15.75,14.91,15.5625,0.6075,+4.06%,4239,0
11/09/1998,17.625,17.8125,14.625,14.955,-1.7325,-10.38%,11706,0
11/02/1998,15.6563,18.5625,15.1875,16.6875,1.0312,+6.59%,31439,0
10/26/1998,12.5625,15.8438,12.5625,15.6563,3.0938,+24.63%,24159,0
10/19/1998,13.3125,14.0156,11.4375,12.5625,-0.75,-5.63%,16719,0
10/12/1998,13.5938,14.0625,12.6563,13.3125,0.2812,+2.16%,24079,0
10/05/1998,12.9375,13.5,10.4063,13.0313,0.0938,+0.73%,27786,0
09/28/1998,13.875,13.875,12.5625,12.9375,-0.9375,-6.76%,13306,0
09/21/1998,15,15.8906,13.5,13.875,-1.125,-7.50%,6639,0
09/14/1998,14.25,16.125,13.5938,15,0.9375,+6.67%,15333,0
09/07/1998,13.4531,14.0625,13.0313,14.0625,0.6094,+4.53%,53999,0
08/31/1998,14.1094,14.3438,12.75,13.4531,-1.3125,-8.89%,24986,0
08/24/1998,16.125,16.3125,13.9688,14.7656,-1.3594,-8.43%,16426,0
08/17/1998,16.0313,17.25,16.0313,16.125,0.0937,+0.58%,18479,0
08/10/1998,16.875,16.875,15.8438,16.0313,-1.0312,-6.04%,16293,0
08/03/1998,14.5313,17.5781,13.875,17.0625,2.5312,+17.42%,52853,0
07/27/1998,18,18,13.5,14.5313,-3.4687,-19.27%,41919,0
07/20/1998,18.1875,18.375,17.3438,18,0.1875,+1.05%,21546,0
07/13/1998,18,18.375,17.1563,17.8125,0.375,+2.15%,19173,0
07/06/1998,16.6875,18.375,16.5,17.4375,1.125,+6.90%,14826,0
06/29/1998,17.25,17.4375,15.6563,16.3125,-0.5625,-3.33%,11999,0
06/22/1998,15.75,17.6719,15.75,16.875,0.9375,+5.88%,14773,0
06/15/1998,15,16.4063,14.8125,15.9375,0.9375,+6.25%,11413,0
06/08/1998,15.3281,15.4688,14.8125,15,-0.4688,-3.03%,15519,0
06/01/1998,15.1875,15.6563,15.0938,15.4688,-0.0937,-0.60%,20986,0
05/25/1998,15.75,15.75,15.0938,15.5625,-0.1875,-1.19%,25366,0
05/18/1998,15,15.75,15,15.75,0.75,+5.00%,24239,0
05/11/1998,14.9063,15.6563,14.8125,15,0,0.00%,47573,0
05/04/1998,15,15.75,14.8125,15,0,0.00%,14532,0
04/27/1998,14.25,15,13.6406,15,0.2812,+1.91%,83306,0
04/20/1998,14.25,15,14.25,14.7188,-0.2812,-1.87%,34613,0
04/13/1998,15,15.1875,14.25,15,0.1875,+1.27%,12799,0
04/06/1998,14.4375,15.1875,14.25,14.8125,0.0937,+0.64%,16599,0
03/30/1998,15,15.375,13.7813,14.7188,-0.2812,-1.87%,51093,0
03/23/1998,14.9063,15.5625,14.9063,15,-0.375,-2.44%,5066,0
03/16/1998,16.5,16.5,14.4375,15.375,-0.2813,-1.80%,21573,0
03/09/1998,14.625,16.5938,14.625,15.6563,-0.0937,-0.59%,146479,0
03/02/1998,16.5,17.25,15.4688,15.75,-0.6563,-4.00%,31786,0
02/23/1998,16.5938,17.3438,15.75,16.4063,-0.0937,-0.57%,10026,0
02/16/1998,16.4063,17.25,15.9375,16.5,0.2344,+1.44%,11732,0
02/09/1998,15.375,16.875,15.375,16.2656,0.9843,+6.44%,10693,0
02/02/1998,16.125,16.125,14.4375,15.2813,-0.5625,-3.55%,53653,0
01/26/1998,15,15.9375,14.8125,15.8438,0.6563,+4.32%,47812,0
01/19/1998,15.375,15.5625,15,15.1875,-0.1875,-1.22%,49466,0
01/12/1998,16.0313,16.0313,14.5313,15.375,0.2578,+1.71%,39999,0
01/05/1998,17.625,18.375,15,15.1172,-2.8828,-16.02%,22453,0
12/29/1997,16.0781,18.4688,16.0313,18,1.9687,+12.28%,10666,0
12/22/1997,15.9375,16.875,15.2813,16.0313,0.211,+1.33%,9433,0
12/15/1997,15.75,16.2188,15.1875,15.8203,-0.1172,-0.74%,14693,0
12/08/1997,15.5625,16.3125,15,15.9375,0.4687,+3.03%,115466,0
12/01/1997,16.3594,16.875,15,15.4688,-0.8906,-5.44%,75413,0
11/24/1997,17.9063,18.1875,15,16.3594,-1.7344,-9.59%,17200,0
11/17/1997,18,18.4688,17.625,18.0938,0.0938,+0.52%,38693,0
11/10/1997,20.25,20.8125,16.9688,18,-2.0625,-10.28%,33946,0
11/03/1997,17.9063,21.375,17.9063,20.0625,1.7812,+9.74%,34479,0
10/27/1997,18.4688,18.4688,15.375,18.2813,-0.0937,-0.51%,19039,0
10/20/1997,17.8125,18.5625,17.25,18.375,0.375,+2.08%,35893,0
10/13/1997,17.8125,18.0938,17.25,18,0,0.00%,30746,0
10/06/1997,18,18.0938,17.5313,18,-0.0938,-0.52%,30533,0
09/29/1997,16.9688,18.0938,16.7813,18.0938,1.0313,+6.04%,32613,0
09/22/1997,17.25,18.0938,17.0625,17.0625,-0.1875,-1.09%,25199,0
09/15/1997,18,18.5625,16.9688,17.25,-0.9375,-5.15%,36213,0
09/08/1997,18.0938,18.4688,17.625,18.1875,0.0937,+0.52%,15039,0
09/01/1997,17.25,18.1875,17.25,18.0938,0.8438,+4.89%,44766,0
08/25/1997,15.1875,17.25,15.1875,17.25,2.0625,+13.58%,70586,0
08/18/1997,15.2813,15.375,14.7188,15.1875,0.0937,+0.62%,18559,0
08/11/1997,15,15.375,14.625,15.0938,-0.2812,-1.83%,13066,0
08/04/1997,15.1875,15.5625,15,15.375,0.1875,+1.23%,24479,0
07/28/1997,14.8125,15.5625,14.3438,15.1875,0.5625,+3.85%,37039,0
07/21/1997,15,15,14.25,14.625,0,0.00%,9866,0
07/14/1997,14.0625,15.1875,14.0625,14.625,-0.5625,-3.70%,14773,0
07/07/1997,15.375,15.375,14.625,15.1875,0.0937,+0.62%,5706,0
06/30/1997,14.8125,15.375,14.0625,15.0938,0.6563,+4.55%,16199,0
06/23/1997,14.625,15.75,14.0625,14.4375,-0.75,-4.94%,20213,0
06/16/1997,14.25,15.9375,13.5,15.1875,0.9375,+6.58%,10506,0
06/09/1997,14.1563,14.8125,13.6875,14.25,0,0.00%,8079,0
06/02/1997,14.0625,14.625,13.3125,14.25,0.1875,+1.33%,12772,0
05/26/1997,13.125,14.25,13.125,14.0625,0.75,+5.63%,8499,0
05/19/1997,13.5,13.5,12.75,13.3125,0.0937,+0.71%,5626,0
05/12/1997,13.875,14.625,12.5625,13.2188,-0.2812,-2.08%,18426,0
05/05/1997,12.75,14.625,11.25,13.5,0.75,+5.88%,38933,0
04/28/1997,11.25,12.75,10.875,12.75,0.75,+6.25%,12693,0
04/21/1997,11.7188,12.1875,11.0625,12,0.375,+3.23%,7573,0
04/14/1997,10.875,11.7188,10.6875,11.625,0.0469,+0.41%,4639,0
04/07/1997,12.5625,12.5625,10.5938,11.5781,-0.2344,-1.98%,8639,0
03/31/1997,10.875,12.9375,10.875,11.8125,0.75,+6.78%,12053,0
03/24/1997,10.9688,11.7188,10.9688,11.0625,0.0937,+0.85%,14199,0
03/17/1997,10.7813,11.4375,10.6875,10.9688,0.1875,+1.74%,6986,0
03/10/1997,11.3438,11.3438,10.6875,10.7813,0.0938,+0.88%,17973,0
03/03/1997,10.0781,11.5313,10.0781,10.6875,0.6094,+6.05%,14293,0
02/24/1997,10.125,10.875,9.8438,10.0781,0.1406,+1.41%,20373,0
02/17/1997,9.9375,10.5,9.8438,9.9375,-0.0938,-0.94%,13599,0
02/10/1997,9.8672,10.4063,9.75,10.0313,0.0938,+0.94%,53226,0
02/03/1997,10.4063,10.5,9.8438,9.9375,-0.1406,-1.40%,7146,0
01/27/1997,9.6563,10.2188,9.5625,10.0781,0.2343,+2.38%,18239,0
01/20/1997,9.7266,10.2188,9.4688,9.8438,0.2813,+2.94%,12746,0
01/13/1997,9.375,9.8438,9.1875,9.5625,0.1875,+2.00%,10613,0
01/06/1997,9.375,9.75,9.375,9.375,-0.2813,-2.91%,2292,0
12/30/1996,9.75,9.8438,9.2813,9.6563,0.2344,+2.49%,14533,0
12/23/1996,9.5625,9.75,9.2813,9.4219,-0.1406,-1.47%,9066,0
12/16/1996,9.375,9.5625,9.0234,9.5625,0.1875,+2.00%,5653,0
12/09/1996,9.4688,9.75,9.1875,9.375,-0.0938,-0.99%,16799,0
12/02/1996,9.2813,9.7031,8.8125,9.4688,0.0469,+0.50%,12213,0
11/25/1996,9.4688,9.75,9.4219,9.4219,-0.3281,-3.37%,2999,0
11/18/1996,9.7969,10.0313,9.4688,9.75,0,0.00%,853,0
11/11/1996,10.125,10.125,9.4688,9.75,-0.2813,-2.80%,3999,0
11/04/1996,9.3281,10.0313,9.0938,10.0313,0.7032,+7.54%,53173,0
10/28/1996,9.2813,9.8438,8.8125,9.3281,-0.3282,-3.40%,73173,0
10/21/1996,9.2813,9.8438,9.2813,9.6563,0.1407,+1.48%,320,0
10/14/1996,9.8438,9.8438,9.2813,9.5156,-0.3282,-3.33%,6346,0
10/07/1996,9.5625,9.8438,9.375,9.8438,0.4454,+4.74%,3519,0
09/30/1996,9.75,10.0313,9.3984,9.3984,-0.3516,-3.61%,62506,0
09/23/1996,9.7031,9.9375,9.4688,9.75,0.0469,+0.48%,19413,0
09/16/1996,10.2188,10.2188,9.4688,9.7031,-0.2813,-2.82%,15039,0
09/09/1996,9.2813,9.9844,9.2813,9.9844,0.4219,+4.41%,82986,0
09/02/1996,9.5625,9.75,9,9.5625,0.4687,+5.15%,6199,0
08/26/1996,9.2813,9.5625,9,9.0938,-0.2812,-3.00%,2613,0
08/19/1996,9.0469,9.5625,8.9063,9.375,0.1875,+2.04%,71733,0
08/12/1996,9.2813,9.75,8.9063,9.1875,-0.1875,-2.00%,110826,0
08/05/1996,8.7188,9.75,8.25,9.375,1.0781,+12.99%,28959,0
07/29/1996,8.1563,8.625,7.9688,8.2969,0.2344,+2.91%,16159,0
07/22/1996,7.125,8.0625,7.125,8.0625,0.9375,+13.16%,5013,0
07/15/1996,7.5,7.6875,6.9375,7.125,-0.2813,-3.80%,11999,0
07/08/1996,7.9688,7.9688,6.2813,7.4063,-0.5625,-7.06%,40426,0
07/01/1996,8.4375,8.4375,7.875,7.9688,-0.4687,-5.55%,14066,0
06/24/1996,7.6875,8.4375,7.6406,8.4375,0.9375,+12.50%,14506,0
06/17/1996,8.1563,8.25,7.4063,7.5,-0.4688,-5.88%,37653,0
06/10/1996,7.7344,8.2031,7.5469,7.9688,0.1875,+2.41%,16426,0
06/03/1996,7.8281,7.875,7.5,7.7813,-0.0937,-1.19%,6079,0
05/27/1996,7.7813,7.875,7.6406,7.875,0.0937,+1.20%,7599,0
05/20/1996,7.6406,7.9219,7.6406,7.7813,-0.0937,-1.19%,40693,0
05/13/1996,7.875,7.875,7.6406,7.875,0,0.00%,4693,0
05/06/1996,7.6406,7.9219,7.5938,7.875,0,0.00%,26346,0
04/29/1996,7.6875,7.875,7.6406,7.875,0,0.00%,20693,0
04/22/1996,7.8281,7.9688,7.6406,7.875,0,0.00%,29066,0
04/15/1996,7.875,7.875,7.6406,7.875,0.0937,+1.20%,26186,0
04/08/1996,7.3125,7.875,7.3125,7.7813,0.2344,+3.11%,151519,0
04/01/1996,7.4063,7.5938,7.2188,7.5469,0.3281,+4.55%,82999,0
03/25/1996,6.9375,7.5,6.9375,7.2188,0.0938,+1.32%,59946,0
03/18/1996,7.2656,7.3125,7.125,7.125,0,0.00%,39999,0
03/11/1996,6.9375,7.3125,6.9375,7.125,0,0.00%,67893,0
03/04/1996,6.75,7.3125,6.75,7.125,0.2812,+4.11%,75999,0
02/26/1996,6.8438,7.2188,6.75,6.8438,0.0938,+1.39%,30666,0
02/19/1996,6.75,6.75,6.75,6.75,-0.1406,-2.04%,732,0
02/12/1996,6.75,7.0313,6.75,6.8906,0.1406,+2.08%,12853,0
02/05/1996,6.75,7.125,6.75,6.75,0,0.00%,1653,0
01/29/1996,6.9375,6.9375,6.75,6.75,-0.1875,-2.70%,4853,0
01/22/1996,6.75,7.0313,6.6563,6.9375,0.0937,+1.37%,18933,0
01/15/1996,6.7031,6.9375,6.6563,6.8438,0.0938,+1.39%,30719,0
01/08/1996,6.9375,7.2188,6.75,6.75,-0.5625,-7.69%,37759,0
01/01/1996,6.9375,7.3125,6.9375,7.3125,0.1875,+2.63%,1399,0
12/25/1995,7.125,7.3125,6.9375,7.125,0,0.00%,2933,0
12/18/1995,7.0313,7.3125,6.9375,7.125,0.1406,+2.01%,32373,0
12/11/1995,6.8906,7.125,6.75,6.9844,0.1406,+2.05%,32906,0
12/04/1995,7.0313,7.0313,6.75,6.8438,0.0938,+1.39%,13919,0
11/27/1995,6.75,6.8438,6.75,6.75,-0.0938,-1.37%,8053,0
11/20/1995,6.75,7.0313,6.75,6.8438,0.0938,+1.39%,2066,0
11/13/1995,6.5625,6.9375,6.5625,6.75,0,0.00%,25386,0
11/06/1995,6.8906,6.9375,6.6563,6.75,-0.1172,-1.71%,6079,0
10/30/1995,6.9375,6.9375,6.5625,6.8672,0.3047,+4.64%,1546,0
10/23/1995,6.6563,6.9375,6.5625,6.5625,-0.1875,-2.78%,6879,0
10/16/1995,6.6563,6.8438,6.6563,6.75,-0.1875,-2.70%,14186,0
10/09/1995,6.5625,6.9375,6.5625,6.9375,0,0.00%,1013,0
10/02/1995,6.8438,6.9375,6.5625,6.9375,0.375,+5.71%,7146,0
09/25/1995,6.75,6.9141,6.5625,6.5625,-0.0938,-1.41%,9812,0
09/18/1995,6.6563,6.9375,6.6563,6.6563,-0.2812,-4.05%,9386,0
09/11/1995,7.125,7.125,6.6563,6.9375,0.0937,+1.37%,52426,0
09/04/1995,6.4219,6.9844,6.375,6.8438,0.4688,+7.35%,17999,0
08/28/1995,6.3281,6.4688,6.1875,6.375,0.0937,+1.49%,31626,0
08/21/1995,6.2813,6.5625,6.1875,6.2813,0,0.00%,26986,0
08/14/1995,6.2813,6.5625,6.2813,6.2813,0,0.00%,32533,0
08/07/1995,6.375,6.4219,6.1875,6.2813,-0.2812,-4.28%,8693,0
07/31/1995,6.4219,6.5625,6.375,6.5625,0.0469,+0.72%,9279,0
07/24/1995,6.375,6.5625,6.375,6.5156,0.0937,+1.46%,37173,0
07/17/1995,6.5625,6.5625,6.375,6.4219,0,0.00%,59466,0
07/10/1995,6.2813,6.5625,6.2813,6.4219,0.0469,+0.74%,165919,0
07/03/1995,6.2813,6.5625,6.2813,6.375,-0.1875,-2.86%,41399,0
06/26/1995,6.2813,6.5625,6.2813,6.5625,0.2812,+4.48%,10506,0
06/19/1995,6.2813,6.5156,6.2813,6.2813,-0.2812,-4.28%,17279,0
06/12/1995,6.375,6.5625,6.2813,6.5625,0.1875,+2.94%,14292,0
06/05/1995,6.0938,6.375,6.0938,6.375,0.2812,+4.61%,50826,0
05/29/1995,6,6.2813,6,6.0938,0.0938,+1.56%,9599,0
05/22/1995,6.2813,6.2813,6,6,-0.0938,-1.54%,22986,0
05/15/1995,5.9531,6.2813,5.9531,6.0938,0,0.00%,53012,0
05/08/1995,5.8125,6.0938,5.8125,6.0938,0.1407,+2.36%,4266,0
05/01/1995,5.8125,6.0938,5.8125,5.9531,0.0937,+1.60%,18719,0
04/24/1995,5.9063,6,5.8125,5.8594,-0.0469,-0.79%,5386,0
04/17/1995,6.375,6.4688,5.9063,5.9063,-0.6562,-10.00%,14186,0
04/10/1995,6.375,6.5625,6.1875,6.5625,0.375,+6.06%,28599,0
04/03/1995,5.7188,6.2813,5.7188,6.1875,0.4687,+8.20%,11839,0
03/27/1995,5.7188,6,5.625,5.7188,-0.2812,-4.69%,25599,0
03/20/1995,5.7188,6,5.625,6,0.375,+6.67%,13813,0
03/13/1995,6,6,5.4375,5.625,-0.375,-6.25%,21759,0
03/06/1995,6.0469,6.2344,6,6,-0.0469,-0.78%,5013,0
02/27/1995,6.1406,6.2813,6,6.0469,0.0469,+0.78%,44533,0
02/20/1995,6,6.1172,6,6,-0.2813,-4.48%,12466,0
02/13/1995,6.2813,6.2813,6,6.2813,0.0938,+1.52%,24106,0
02/06/1995,6.1875,6.2813,5.9063,6.1875,0.1875,+3.13%,3573,0
01/30/1995,6,6.2813,5.9063,6,-0.1406,-2.29%,17813,0
01/23/1995,5.9063,6.1406,5.9063,6.1406,0.0468,+0.77%,2506,0
01/16/1995,5.9531,6.0938,5.9063,6.0938,0.1407,+2.36%,7359,0
01/09/1995,6.375,6.375,5.9531,5.9531,-0.1407,-2.31%,5546,0
01/02/1995,6.0938,6.375,6.0938,6.0938,-0.2812,-4.41%,5733,0
12/26/1994,6.2813,6.4688,6.0938,6.375,-0.0938,-1.45%,13599,0
12/19/1994,6.375,6.4688,6.0938,6.4688,0.1407,+2.22%,9279,0
12/12/1994,5.9063,6.4688,5.9063,6.3281,0.2343,+3.84%,45439,0
12/05/1994,6.0469,6.1875,5.9063,6.0938,-0.0937,-1.51%,7306,0
11/28/1994,6.0234,6.1875,5.9063,6.1875,0.0937,+1.54%,17013,0
11/21/1994,6,6.0938,5.7188,6.0938,0.375,+6.56%,77066,0
11/14/1994,6,6,5.7188,5.7188,0,0.00%,27893,0
11/07/1994,5.7188,6.0938,5.7188,5.7188,0,0.00%,3626,0
10/31/1994,5.7188,5.8359,5.7188,5.7188,-0.0937,-1.61%,6453,0
10/24/1994,5.7188,6.0938,5.7188,5.8125,0.0937,+1.64%,16586,0
10/17/1994,5.8125,6.0938,5.7188,5.7188,-0.0937,-1.61%,11146,0
10/10/1994,5.8125,5.9531,5.8125,5.8125,0,0.00%,4693,0
10/03/1994,5.8125,6.1875,5.8125,5.8125,-0.375,-6.06%,853,0
09/26/1994,6.1875,6.1875,5.8125,6.1875,0,0.00%,5439,0
09/19/1994,5.8125,6.1875,5.8125,6.1875,0.1875,+3.13%,9973,0
09/12/1994,5.7188,6.0938,5.7188,6,-0.0938,-1.54%,71146,0
09/05/1994,5.7188,6.0938,5.7188,6.0938,0.375,+6.56%,533,0
08/29/1994,5.7188,6.0938,5.7188,5.7188,0,0.00%,10666,0
08/22/1994,6.0938,6.0938,5.7188,5.7188,-0.375,-6.15%,13492,0
08/15/1994,5.8125,6.0938,5.7188,6.0938,0.2813,+4.84%,2133,0
08/08/1994,5.625,6,5.625,5.8125,0.1875,+3.33%,45813,0
08/01/1994,5.625,5.6719,5.625,5.625,0,0.00%,12693,0
07/25/1994,5.625,5.9063,5.625,5.625,0,0.00%,5866,0
07/18/1994,5.8125,6,5.625,5.625,-0.3281,-5.51%,66026,0
07/11/1994,6.0938,6.2344,5.8594,5.9531,-0.1407,-2.31%,20799,0
07/04/1994,6.0938,6.375,6.0938,6.0938,-0.1406,-2.26%,5999,0
06/27/1994,6.0938,6.375,6.0938,6.2344,0.1406,+2.31%,8746,0
06/20/1994,6.0938,6.0938,6.0938,6.0938,-0.2812,-4.41%,1333,0
06/13/1994,6.0938,6.375,6.0938,6.375,0.2344,+3.82%,2453,0
06/06/1994,6.2813,6.4688,6.0938,6.1406,-0.2813,-4.38%,4906,0
05/30/1994,6.4688,6.4688,6.2813,6.4219,0.0469,+0.74%,23866,0
05/23/1994,6.0938,6.375,6,6.375,0.375,+6.25%,62986,0
05/16/1994,6.2813,6.2813,6,6,-0.1875,-3.03%,4319,0
05/09/1994,5.625,6.2813,5.625,6.1875,0.5625,+10.00%,29066,0
05/02/1994,5.8125,6,5.625,5.625,-0.1875,-3.23%,16106,0
04/25/1994,6.0938,6.0938,5.8125,5.8125,0,0.00%,15933,0
04/18/1994,5.8125,6.0938,5.8125,5.8125,0,0.00%,1919,0
04/11/1994,5.8125,6.0938,5.8125,5.8125,-0.1406,-2.36%,23092,0
04/04/1994,6,6.1875,5.8125,5.9531,-0.0469,-0.78%,17706,0
03/28/1994,6.4688,6.4688,6,6,-0.4688,-7.25%,77866,0
03/21/1994,6.375,6.5625,6.2813,6.4688,-0.0937,-1.43%,8213,0
03/14/1994,6.5625,6.5625,6.2813,6.5625,0.2812,+4.48%,9866,0
03/07/1994,6.375,6.6563,6.2813,6.2813,-0.0937,-1.47%,44639,0
02/28/1994,6.1875,6.5625,6,6.375,0.375,+6.25%,62666,0
02/21/1994,6,6.0938,5.9063,6,0,0.00%,19199,0
02/14/1994,5.8125,6,5.7188,6,0.1875,+3.23%,57120,0
02/07/1994,5.625,5.8125,5.4375,5.8125,0.0937,+1.64%,7306,0
01/31/1994,5.8125,5.8125,5.5313,5.7188,-0.375,-6.15%,20746,0
01/24/1994,6.0938,6.375,6,6.0938,-0.0937,-1.51%,49866,0
01/17/1994,5.3438,6.375,5.3438,6.1875,0.8437,+15.79%,105973,0
01/10/1994,5.625,5.625,5.3438,5.3438,-0.1875,-3.39%,38239,0
01/03/1994,5.625,5.625,5.3438,5.5313,0.0938,+1.73%,28853,0
12/27/1993,5.3438,5.625,5.3438,5.4375,0,0.00%,10399,0
12/20/1993,5.4375,5.625,5.3438,5.4375,0,0.00%,26333,0
12/13/1993,5.5313,5.625,5.25,5.4375,0.1875,+3.57%,27786,0
12/06/1993,4.9688,5.5313,4.9688,5.25,0.2812,+5.66%,25599,0
11/29/1993,4.9688,5.1563,4.9688,4.9688,0,0.00%,38826,0
11/22/1993,5.25,5.25,4.9688,4.9688,-0.2812,-5.36%,3466,0
11/15/1993,5.25,5.3438,5.0625,5.25,0,0.00%,66613,0
11/08/1993,4.9688,5.3438,4.9688,5.25,0.1875,+3.70%,97173,0
11/01/1993,5.3906,5.4375,5.0625,5.0625,-0.375,-6.90%,17013,0
10/25/1993,5.3438,5.5313,5.25,5.4375,0.0937,+1.75%,64853,0
10/18/1993,5.4375,5.625,5.3438,5.3438,-0.0937,-1.72%,9066,0
10/11/1993,5.4375,5.7188,5.4375,5.4375,-0.0938,-1.70%,8533,0
10/04/1993,5.625,5.625,5.3438,5.5313,0.0469,+0.86%,9919,0
09/27/1993,5.4375,5.5313,5.1563,5.4844,0.2813,+5.41%,42292,0
09/20/1993,5.4375,5.4375,5.1563,5.2031,-0.2344,-4.31%,31893,0
09/13/1993,5.3906,5.5313,5.25,5.4375,0,0.00%,13386,0
09/06/1993,5.4375,5.625,5.4375,5.4375,0,0.00%,13199,0
08/30/1993,5.0625,5.7188,5.0625,5.4375,0.375,+7.41%,29653,0
08/23/1993,5.1563,5.3438,5.0625,5.0625,-0.0938,-1.82%,6239,0
08/16/1993,5.0625,5.4375,5.0625,5.1563,0,0.00%,2293,0
08/09/1993,5.0625,5.3438,5.0625,5.1563,0,0.00%,13706,0
08/02/1993,5.3438,5.3438,5.0625,5.1563,0.0938,+1.85%,8106,0
07/26/1993,5.2031,5.3438,5.0625,5.0625,-0.1406,-2.70%,10613,0
07/19/1993,5.0625,5.3438,4.9688,5.2031,-0.0469,-0.89%,9173,0
07/12/1993,5.1094,5.25,4.9688,5.25,0.2812,+5.66%,8106,0
07/05/1993,5.0625,5.1563,4.9688,4.9688,-0.1875,-3.64%,133,0
06/28/1993,5.0625,5.1563,4.7813,5.1563,0.2344,+4.76%,23146,0
06/21/1993,4.7813,5.0625,4.7813,4.9219,0.0469,+0.96%,15786,0
06/14/1993,5.0156,5.0625,4.875,4.875,0,0.00%,31573,0
06/07/1993,4.6875,5.0156,4.5938,4.875,0.1875,+4.00%,33813,0
05/31/1993,4.6875,4.6875,4.5938,4.6875,0.0937,+2.04%,138266,0
05/24/1993,4.5938,4.6875,4.4063,4.5938,0.1875,+4.26%,26186,0
05/17/1993,4.5,4.6875,4.3125,4.4063,-0.2343,-5.05%,29013,0
05/10/1993,4.5,4.6875,4.5,4.6406,0.1406,+3.12%,27626,0
05/03/1993,4.5,4.6875,4.3125,4.5,0.1875,+4.35%,145919,0
04/26/1993,4.7813,4.7813,4.3125,4.3125,-0.4688,-9.80%,65546,0
04/19/1993,4.7813,4.9688,4.7813,4.7813,-0.1875,-3.77%,7039,0
04/12/1993,4.9219,5.0625,4.7813,4.9688,0,0.00%,30079,0
04/05/1993,5.0625,5.0625,4.7813,4.9688,-0.0937,-1.85%,6999,0
03/29/1993,5.0625,5.1094,4.875,5.0625,0,0.00%,1173,0
03/22/1993,4.875,5.1563,4.875,5.0625,-0.0938,-1.82%,3786,0
03/15/1993,4.9688,5.1563,4.9688,5.1563,0.1875,+3.77%,6133,0
03/08/1993,5.0156,5.25,4.9688,4.9688,-0.0937,-1.85%,90559,0
03/01/1993,4.7813,5.1563,4.7813,5.0625,0.1875,+3.85%,45279,0
02/22/1993,4.7344,5.1563,4.7344,4.875,0.0469,+0.97%,22079,0
02/15/1993,4.7344,4.875,4.7344,4.8281,-0.0469,-0.96%,28599,0
02/08/1993,4.6875,4.875,4.6875,4.875,0.1875,+4.00%,15252,0
02/01/1993,4.5938,4.875,4.5938,4.6875,0,0.00%,57813,0
01/25/1993,4.5938,4.875,4.5938,4.6875,-0.0938,-1.96%,18293,0
01/18/1993,4.875,4.875,4.5,4.7813,-0.0937,-1.92%,27573,0
01/11/1993,4.5938,4.9688,4.3125,4.875,0.5625,+13.04%,22293,0
01/04/1993,4.125,4.5,4.125,4.3125,0,0.00%,91039,0
12/28/1992,4.5,4.5,4.125,4.3125,-0.2344,-5.16%,468466,0
12/21/1992,4.5,4.5469,4.4063,4.5469,0.0469,+1.04%,163799,0
12/14/1992,4.5938,4.5938,4.5,4.5,0,0.00%,25386,0
12/07/1992,4.5938,4.5938,4.5,4.5,-0.0938,-2.04%,14559,0
11/30/1992,4.3125,4.5938,4.3125,4.5938,0.0938,+2.08%,24106,0
11/23/1992,4.5,4.5938,4.3125,4.5,0.1875,+4.35%,26533,0
11/16/1992,5.0156,5.0625,4.2656,4.3125,-0.5625,-11.54%,101439,0
11/09/1992,5.0625,5.0625,4.875,4.875,-0.1875,-3.70%,3786,0
11/02/1992,4.875,5.0625,4.875,5.0625,0.1875,+3.85%,21386,0
10/26/1992,4.9688,5.1563,4.875,4.875,-0.0938,-1.89%,9279,0
10/19/1992,5.0625,5.25,4.9688,4.9688,-0.0937,-1.85%,6933,0
10/12/1992,4.875,5.0625,4.875,5.0625,0.1875,+3.85%,7679,0
10/05/1992,5.2031,5.2031,4.875,4.875,-0.3281,-6.31%,6399,0
09/28/1992,5.1563,5.25,4.9688,5.2031,0.0468,+0.91%,6826,0
09/21/1992,5.0625,5.3438,5.0625,5.1563,-0.0937,-1.78%,12799,0
09/14/1992,5.2031,5.25,4.875,5.25,-0.0938,-1.76%,14719,0
09/07/1992,5.1094,5.3438,4.9688,5.3438,0,0.00%,17333,0
08/31/1992,5.3438,5.3438,4.9688,5.3438,0,0.00%,18719,0
08/24/1992,5.1563,5.3438,4.875,5.3438,0.1875,+3.64%,15999,0
08/17/1992,5.0625,5.1563,4.875,5.1563,0.2813,+5.77%,12799,0
08/10/1992,4.875,5.1094,4.7813,4.875,0.0937,+1.96%,15519,0
08/03/1992,4.4063,4.875,4.4063,4.7813,0.375,+8.51%,18079,0
07/27/1992,4.5,4.5,4.3125,4.4063,-0.0937,-2.08%,62613,0
07/20/1992,4.4531,4.5,4.0313,4.5,0.0469,+1.05%,166879,0
07/13/1992,4.6875,4.6875,4.3125,4.4531,-0.3282,-6.86%,78986,0
07/06/1992,4.6875,5.0625,4.6875,4.7813,0.0938,+2.00%,129600,0
06/29/1992,4.9688,5.1563,4.6875,4.6875,-0.2813,-5.66%,15933,0
06/22/1992,5.0625,5.3438,4.9688,4.9688,-0.1875,-3.64%,51626,0
06/15/1992,5.25,5.4844,5.0625,5.1563,-0.0937,-1.78%,26026,0
06/08/1992,5.3438,5.5313,5.25,5.25,-0.0938,-1.76%,12533,0
06/01/1992,5.4844,5.625,5.25,5.3438,-0.1406,-2.56%,63466,0
05/25/1992,5.4375,5.8125,5.4375,5.4844,0.0469,+0.86%,3133,0
05/18/1992,5.5313,5.8125,5.4375,5.4375,-0.0938,-1.70%,30026,0
05/11/1992,6.2813,6.6563,5.5313,5.5313,-0.75,-11.94%,81866,0
05/04/1992,6.6563,6.6563,6.2813,6.2813,-0.375,-5.63%,56799,0
04/27/1992,6.6094,6.6563,6.2813,6.6563,0.0469,+0.71%,34826,0
04/20/1992,6.5625,6.6563,6.2813,6.6094,0.0469,+0.71%,16319,0
04/13/1992,6.2813,6.6563,6.2813,6.5625,0.1875,+2.94%,60132,0
04/06/1992,6.375,6.6563,6.2813,6.375,0.0937,+1.49%,80426,0
03/30/1992,6.375,6.75,6.2813,6.2813,-0.0937,-1.47%,9173,0
03/23/1992,6.75,6.75,6.375,6.375,-0.375,-5.56%,20693,0
03/16/1992,6.0938,6.75,5.9063,6.75,0.6562,+10.77%,42293,0
03/09/1992,6.0938,6.0938,5.9063,6.0938,0,0.00%,12479,0
03/02/1992,5.9063,6.0938,5.9063,6.0938,0.1875,+3.17%,62879,0
02/24/1992,6,6.0938,5.8125,5.9063,-0.0937,-1.56%,46239,0
02/17/1992,6,6.0938,5.8125,6,-0.0938,-1.54%,70733,0
02/10/1992,5.9063,6.0938,5.9063,6.0938,0,0.00%,26293,0
02/03/1992,5.8125,6.1875,5.8125,6.0938,0.2813,+4.84%,31359,0
01/27/1992,6,6,5.8125,5.8125,-0.1875,-3.13%,21599,0
01/20/1992,6,6.1875,5.8125,6,0,0.00%,86399,0
01/13/1992,5.9063,6.1875,5.5313,6,0.0937,+1.59%,47253,0
01/06/1992,5.625,5.9063,5.3438,5.9063,0.2813,+5.00%,12799,0
12/30/1991,5.25,5.625,5.25,5.625,0.375,+7.14%,25933,0
12/23/1991,5.0625,5.4375,5.0625,5.25,0.1875,+3.70%,39533,0
12/16/1991,5.4375,5.4375,5.0625,5.0625,-0.0938,-1.82%,37706,0
12/09/1991,5.3438,5.625,5.1563,5.1563,-0.1875,-3.51%,50879,0
12/02/1991,5.4375,5.625,5.1563,5.3438,-0.1875,-3.39%,39999,0
11/25/1991,5.4375,5.7188,5.1563,5.5313,0.0938,+1.73%,58132,0
11/18/1991,5.625,5.9063,5.4375,5.4375,-0.1875,-3.33%,50186,0
11/11/1991,5.25,5.9063,5.25,5.625,0.375,+7.14%,97493,0
11/04/1991,5.0625,5.5313,4.9688,5.25,0.1875,+3.70%,118773,0
10/28/1991,5.1563,5.1563,4.7813,5.0625,-0.0938,-1.82%,82133,0
10/21/1991,5.25,5.25,4.7813,5.1563,-0.0937,-1.78%,26453,0
10/14/1991,5.3438,5.3438,4.875,5.25,-0.0938,-1.76%,36533,0
10/07/1991,5.25,5.4375,4.875,5.3438,0.0938,+1.79%,25973,0
09/30/1991,5.3438,5.4375,5.25,5.25,-0.0938,-1.76%,41439,0
09/23/1991,5.4375,5.5313,5.1563,5.3438,-0.0937,-1.72%,71466,0
09/16/1991,5.3438,5.4375,5.0625,5.4375,0.0937,+1.75%,32853,0
09/09/1991,4.9688,5.3438,4.875,5.3438,0.375,+7.55%,172639,0
09/02/1991,5.5313,5.625,4.9688,4.9688,-0.5625,-10.17%,35799,0
08/26/1991,6,6,5.3438,5.5313,-0.4687,-7.81%,69759,0
08/19/1991,6.0938,6.1875,5.625,6,-0.2813,-4.48%,14346,0
08/12/1991,6.1875,6.375,6,6.2813,0.0938,+1.52%,26346,0
08/05/1991,6.4688,6.6563,6,6.1875,-0.2813,-4.35%,83839,0
07/29/1991,6.1875,6.5625,6.0938,6.4688,0.2813,+4.55%,11893,0
07/22/1991,6.375,6.375,6.0938,6.1875,-0.1875,-2.94%,11679,0
07/15/1991,6.2344,6.375,6,6.375,0.1406,+2.26%,39573,0
07/08/1991,6.0938,6.375,6,6.2344,0.1406,+2.31%,114133,0
07/01/1991,6.1875,6.2813,6,6.0938,-0.0937,-1.51%,12133,0
06/24/1991,6,6.1875,6,6.1875,0.1875,+3.13%,20746,0
06/17/1991,6.0938,6.375,5.9063,6,-0.0938,-1.54%,85866,0
06/10/1991,6.0938,6.4688,6,6.0938,0,0.00%,36479,0
06/03/1991,6,6.4688,5.9063,6.0938,0.0938,+1.56%,72746,0
05/27/1991,6,6.1875,6,6,0,0.00%,129466,0
05/20/1991,6.1875,6.1875,5.9063,6,-0.1875,-3.03%,78079,0
05/13/1991,6,6.2813,5.8125,6.1875,0.1875,+3.13%,164106,0
05/06/1991,6,6.375,5.9063,6,0.1875,+3.23%,262506,0
04/29/1991,5.8125,6.1875,5.8125,5.8125,0,0.00%,22773,0
04/22/1991,6.1875,6.375,5.8125,5.8125,-0.375,-6.06%,55306,0
04/15/1991,5.3438,6.1875,5.3438,6.1875,0.8906,+16.81%,31146,0
04/08/1991,5.5781,5.5781,5.2969,5.2969,-0.2812,-5.04%,6506,0
04/01/1991,5.625,5.625,5.25,5.5781,-0.0469,-0.83%,16426,0
03/25/1991,4.7813,5.625,4.7813,5.625,0.8437,+17.65%,27866,0
03/18/1991,4.875,4.9219,4.5938,4.7813,-0.0937,-1.92%,12799,0
03/11/1991,4.793,4.875,4.5469,4.875,0.082,+1.71%,178986,0
03/04/1991,4.5469,4.793,4.5469,4.793,0.2461,+5.41%,53226,0
02/25/1991,4.5469,4.7813,4.5469,4.5469,-0.2344,-4.90%,20586,0
02/18/1991,4.6875,4.875,4.5469,4.7813,0.0938,+2.00%,40799,0
02/11/1991,4.5586,4.6875,4.5,4.6875,0.1289,+2.83%,29226,0
02/04/1991,4.5938,4.7813,4.5,4.5586,-0.0352,-0.77%,58133,0
01/28/1991,4.5469,5.0625,4.4531,4.5938,0.0469,+1.03%,56959,0
01/21/1991,4.5938,4.5938,4.4531,4.5469,-0.1875,-3.96%,29439,0
01/14/1991,4.6875,4.7344,4.3594,4.7344,-0.0469,-0.98%,10559,0
01/07/1991,5.0625,5.0625,4.5,4.7813,-0.3867,-7.48%,10879,0
12/31/1990,5.0156,5.168,5.0156,5.168,0.1055,+2.08%,7733,0
12/24/1990,4.9688,5.2031,4.9688,5.0625,0.2812,+5.88%,32800,0
12/17/1990,4.9688,5.0625,4.7344,4.7813,-0.1875,-3.77%,9706,0
12/10/1990,4.7813,4.9688,4.7344,4.9688,0.1875,+3.92%,15146,0
12/03/1990,4.6406,5.0156,4.6406,4.7813,0.2344,+5.16%,79786,0
11/26/1990,4.3594,4.6875,4.3594,4.5469,0.1875,+4.30%,6826,0
11/19/1990,4.4063,4.4648,4.3594,4.3594,-0.0469,-1.06%,7066,0
11/12/1990,4.3594,4.5938,4.3125,4.4063,0.1875,+4.44%,6186,0
11/05/1990,3.8906,4.4063,3.8906,4.2188,0.3282,+8.44%,8853,0
10/29/1990,3.9375,4.0313,3.8906,3.8906,-0.0469,-1.19%,1493,0
10/22/1990,3.5625,3.9375,3.375,3.9375,0.375,+10.53%,25599,0
10/15/1990,4.125,4.125,3.5625,3.5625,-0.5625,-13.64%,29119,0
10/08/1990,4.4531,4.5469,4.125,4.125,-0.3281,-7.37%,17066,0
10/01/1990,4.4063,4.7344,4.2656,4.4531,0.0468,+1.06%,35306,0
09/24/1990,4.3594,4.4063,4.2656,4.4063,-0.0117,-0.26%,24319,0
09/17/1990,4.4531,4.5,4.3594,4.418,-0.0468,-1.05%,53759,0
09/10/1990,4.5938,4.5938,4.3125,4.4648,-0.129,-2.81%,73919,0
09/03/1990,4.5469,4.5938,4.4531,4.5938,0,0.00%,48133,0
08/27/1990,4.6406,4.6406,4.5469,4.5938,0.0469,+1.03%,7999,0
08/20/1990,4.7344,4.7344,4.5469,4.5469,-0.1875,-3.96%,2986,0
08/13/1990,4.6055,4.9219,4.5469,4.7344,0.1289,+2.80%,133546,0
08/06/1990,4.9688,5.0156,4.5938,4.6055,-0.3633,-7.31%,50986,0
07/30/1990,5.25,5.3906,4.9688,4.9688,-0.3281,-6.19%,23466,0
07/23/1990,5.4375,5.4375,5.2031,5.2969,-0.1875,-3.42%,38506,0
07/16/1990,5.2969,5.5313,5.25,5.4844,0.1875,+3.54%,71039,0
07/09/1990,5.3438,5.3438,5.1563,5.2969,-0.0937,-1.74%,33920,0
07/02/1990,5.4375,5.4375,5.2969,5.3906,-0.0469,-0.86%,13199,0
06/25/1990,5.4844,5.5313,5.3438,5.4375,-0.0469,-0.86%,17386,0
06/18/1990,5.2031,5.5781,5.1094,5.4844,0.2813,+5.41%,15999,0
06/11/1990,5.2031,5.2031,5.0625,5.2031,0,0.00%,18239,0
06/04/1990,4.8281,5.2031,4.7344,5.2031,0.375,+7.77%,48106,0
05/28/1990,4.6406,4.8281,4.6406,4.8281,0.1875,+4.04%,49466,0
05/21/1990,4.5938,4.6875,4.4531,4.6406,0.0468,+1.02%,31679,0
05/14/1990,4.875,4.9219,4.4531,4.5938,-0.2812,-5.77%,63466,0
05/07/1990,4.2188,4.875,4.2188,4.875,0.6562,+15.55%,54186,0
04/30/1990,3.9844,4.2188,3.7969,4.2188,0.2344,+5.88%,32319,0
04/23/1990,3.8438,3.9844,3.75,3.9844,0.1406,+3.66%,7573,0
04/16/1990,3.6563,3.8438,3.6563,3.8438,0.1875,+5.13%,7039,0
04/09/1990,3.6563,3.6563,3.6563,3.6563,0,0.00%,399,0
04/02/1990,3.7969,3.8438,3.6563,3.6563,-0.1406,-3.70%,4053,0
03/26/1990,3.75,3.7969,3.6563,3.7969,-0.0469,-1.22%,10986,0
03/19/1990,3.75,3.8438,3.6094,3.8438,0.0938,+2.50%,10879,0
03/12/1990,3.4219,3.75,3.375,3.75,0.3281,+9.59%,35626,0
03/05/1990,3.3281,3.4219,3.3281,3.4219,0.0821,+2.46%,17066,0
02/26/1990,3.4219,3.4219,3.3281,3.3398,-0.0821,-2.40%,164586,0
02/19/1990,3.2813,3.4219,3.2344,3.4219,0.1406,+4.28%,17199,0
02/12/1990,3.2813,3.4219,3.2813,3.2813,0,0.00%,1706,0
02/05/1990,3.2813,3.2813,3.2813,3.2813,-0.0937,-2.78%,746,0
01/29/1990,3.3281,3.375,3.2813,3.375,0.0469,+1.41%,23039,0
01/22/1990,3.2813,3.4219,3.2813,3.3281,0.0468,+1.43%,47253,0
01/15/1990,3.2813,3.375,3.2461,3.2813,0,0.00%,51733,0
01/08/1990,3.375,3.375,3.2813,3.2813,-0.0937,-2.78%,27626,0
01/01/1990,3.2813,3.375,3.2344,3.375,0.0937,+2.86%,26133,0
12/25/1989,3.1875,3.3281,3.1875,3.2813,0.1875,+6.06%,26666,0
12/18/1989,3.0938,3.1406,3.0938,3.0938,0,0.00%,8639,0
12/11/1989,3.0938,3.1523,3.0938,3.0938,-0.0937,-2.94%,5759,0
12/04/1989,3.0938,3.1875,3.0938,3.1875,0.082,+2.64%,7466,0
11/27/1989,3.0469,3.1875,3.0469,3.1055,0.0586,+1.92%,17173,0
11/20/1989,3,3.1875,3,3.0469,0.0469,+1.56%,11199,0
11/13/1989,2.9531,3.0938,2.9531,3,0,0.00%,17599,0
11/06/1989,3.0469,3.0469,3,3,0.0469,+1.59%,25173,0
10/30/1989,3.0938,3.0938,2.9531,2.9531,0,0.00%,36799,0
10/23/1989,2.9531,3.0938,2.8594,2.9531,0,0.00%,33919,0
10/16/1989,2.8125,3.375,2.7188,2.9531,0.0468,+1.61%,103253,0
10/09/1989,2.9063,2.9648,2.8594,2.9063,0,0.00%,18453,0
10/02/1989,2.9063,2.9531,2.9063,2.9063,0,0.00%,45013,0
09/25/1989,2.9063,2.9063,2.9063,2.9063,0,0.00%,2559,0
09/18/1989,2.9063,3,2.9063,2.9063,-0.0117,-0.40%,18666,0
09/11/1989,2.9531,3,2.9063,2.918,-0.082,-2.73%,9599,0
09/04/1989,2.9531,3.0469,2.9063,3,0,0.00%,7733,0
08/28/1989,2.9063,3.0469,2.9063,3,0.0937,+3.22%,20906,0
08/21/1989,2.9531,3.0469,2.9063,2.9063,-0.0937,-3.12%,39146,0
08/14/1989,2.7656,3.0117,2.7188,3,0.2344,+8.48%,11840,0
08/07/1989,2.625,2.7656,2.5313,2.7656,0.2343,+9.26%,37439,0
07/31/1989,2.5313,2.625,2.5313,2.5313,-0.0117,-0.46%,8213,0
07/24/1989,2.625,2.625,2.5313,2.543,0.0117,+0.46%,45333,0
07/17/1989,2.5313,2.625,2.4961,2.5313,0,0.00%,470186,0
07/10/1989,2.5313,2.5781,2.5313,2.5313,0,0.00%,57493,0
07/03/1989,2.5313,2.6719,2.4844,2.5313,0,0.00%,12000,0
06/26/1989,2.4844,2.5781,2.4844,2.5313,-0.0468,-1.82%,13226,0
06/19/1989,2.4844,2.5781,2.4844,2.5781,0.082,+3.29%,20159,0
06/12/1989,2.5313,2.5313,2.4844,2.4961,-0.0352,-1.39%,1599,0
06/05/1989,2.4844,2.5781,2.4844,2.5313,0.0469,+1.89%,36373,0
05/29/1989,2.5313,2.625,2.4492,2.4844,-0.0469,-1.85%,136533,0
05/22/1989,2.4844,2.5781,2.4492,2.5313,0.0469,+1.89%,424639,0
05/15/1989,2.5313,2.625,2.4492,2.4844,-0.0469,-1.85%,89066,0
05/08/1989,2.5313,2.7188,2.5313,2.5313,0,0.00%,138986,0
05/01/1989,2.5313,2.5898,2.4961,2.5313,0,0.00%,185919,0
04/24/1989,2.4844,2.5781,2.4844,2.5313,0.0469,+1.89%,8959,0
04/17/1989,2.4844,2.5313,2.4844,2.4844,0,0.00%,13866,0
04/10/1989,2.4844,2.5781,2.4844,2.4844,0,0.00%,62613,0
04/03/1989,2.5781,2.5781,2.4844,2.4844,-0.0937,-3.63%,8533,0
03/27/1989,2.5781,2.5781,2.4844,2.5781,0,0.00%,27413,0
03/20/1989,2.4844,2.5781,2.4844,2.5781,0.0937,+3.77%,86533,0
03/13/1989,2.5313,2.5781,2.4844,2.4844,-0.0469,-1.85%,16853,0
03/06/1989,2.4844,2.5781,2.4844,2.5313,0.0469,+1.89%,19733,0
02/27/1989,2.543,2.5781,2.4844,2.4844,-0.0586,-2.30%,117759,0
02/20/1989,2.625,2.625,2.5313,2.543,-0.082,-3.12%,13466,0
02/13/1989,2.4844,2.625,2.4844,2.625,0.0937,+3.70%,10346,0
02/06/1989,2.5313,2.625,2.5313,2.5313,-0.0117,-0.46%,30933,0
01/30/1989,2.5898,2.5898,2.5313,2.543,-0.0468,-1.81%,7466,0
01/23/1989,2.5313,2.5898,2.5313,2.5898,0.0585,+2.31%,5119,0
01/16/1989,2.5313,2.5781,2.5313,2.5313,0,0.00%,1493,0
01/09/1989,2.5313,2.625,2.4844,2.5313,0,0.00%,158613,0
01/02/1989,2.5313,2.625,2.5313,2.5313,0,0.00%,6799,0
12/26/1988,2.4844,2.625,2.4844,2.5313,0.0469,+1.89%,8266,0
12/19/1988,2.4844,2.5781,2.4375,2.4844,0,0.00%,15359,0
12/12/1988,2.4844,2.5313,2.4375,2.4844,0,0.00%,29333,0
12/05/1988,2.4844,2.5781,2.4844,2.4844,-0.0937,-3.63%,32853,0
11/28/1988,2.4844,2.5781,2.4844,2.5781,0.0937,+3.77%,3199,0
11/21/1988,2.4375,2.4844,2.4375,2.4844,0.0469,+1.92%,2000,0
11/14/1988,2.625,2.625,2.3906,2.4375,-0.1875,-7.14%,38186,0
11/07/1988,2.7188,2.8125,2.625,2.625,-0.0938,-3.45%,13759,0
10/31/1988,2.9063,2.9531,2.7188,2.7188,-0.1875,-6.45%,14506,0
10/24/1988,2.8125,2.9063,2.8125,2.9063,0.0938,+3.34%,1386,0
10/17/1988,2.7656,2.9063,2.7656,2.8125,0.0469,+1.70%,6613,0
10/10/1988,2.8125,2.8594,2.7656,2.7656,-0.0117,-0.42%,7253,0
10/03/1988,2.6719,2.7773,2.625,2.7773,0.1054,+3.94%,11520,0
09/26/1988,2.625,2.7188,2.625,2.6719,0,0.00%,14826,0
09/19/1988,2.625,2.6719,2.5313,2.6719,0.0469,+1.79%,37759,0
09/12/1988,2.5781,2.625,2.4375,2.625,0.0469,+1.82%,10239,0
09/05/1988,2.625,2.7188,2.4375,2.5781,-0.0469,-1.79%,13199,0
08/29/1988,2.625,2.7656,2.625,2.625,0,0.00%,2559,0
08/22/1988,2.7188,2.8125,2.625,2.625,-0.0938,-3.45%,38933,0
08/15/1988,2.7188,2.8242,2.625,2.7188,0,0.00%,10773,0
08/08/1988,2.7656,2.8594,2.7188,2.7188,0,0.00%,26666,0
08/01/1988,2.8125,2.8242,2.625,2.7188,-0.0937,-3.33%,9386,0
07/25/1988,2.9063,2.9063,2.7656,2.8125,-0.0938,-3.23%,7252,0
07/18/1988,2.8125,2.9063,2.7656,2.9063,0.0938,+3.34%,4799,0
07/11/1988,2.8594,2.8711,2.7656,2.8125,0.0469,+1.70%,8213,0
07/04/1988,2.9063,2.9063,2.7656,2.7656,-0.1875,-6.35%,4933,0
06/27/1988,2.7773,2.9648,2.7656,2.9531,0.1289,+4.56%,14933,0
06/20/1988,2.8125,2.8594,2.6719,2.8242,0.0117,+0.42%,2133,0
06/13/1988,2.8594,2.9531,2.7188,2.8125,0.0937,+3.45%,11626,0
06/06/1988,2.8594,2.8594,2.7188,2.7188,-0.0468,-1.69%,18559,0
05/30/1988,2.7656,3,2.7188,2.7656,-0.0938,-3.28%,7733,0
05/23/1988,2.7188,2.8594,2.6719,2.8594,0.0469,+1.67%,6293,0
05/16/1988,2.7656,2.9063,2.7188,2.8125,0.0469,+1.70%,63146,0
05/09/1988,2.8125,3.1055,2.6367,2.7656,-0.0469,-1.67%,23039,0
05/02/1988,2.7656,2.9063,2.7188,2.8125,0.0469,+1.70%,7146,0
04/25/1988,2.6719,2.8594,2.625,2.7656,0,0.00%,28373,0
04/18/1988,2.8594,2.8594,2.5313,2.7656,0,0.00%,16426,0
04/11/1988,2.8125,2.9648,2.7656,2.7656,-0.0469,-1.67%,23039,0
04/04/1988,2.9531,2.9531,2.8125,2.8125,-0.1406,-4.76%,55466,0
03/28/1988,2.9063,3,2.8594,2.9531,0.0468,+1.61%,53733,0
03/21/1988,2.9063,2.9063,2.9063,2.9063,0.0469,+1.64%,4799,0
03/14/1988,2.7656,3,2.7656,2.8594,0.0938,+3.39%,8213,0
03/07/1988,2.6719,2.9063,2.6719,2.7656,0.0937,+3.51%,19093,0
02/29/1988,2.5313,2.6719,2.4375,2.6719,0.0938,+3.64%,150613,0
02/22/1988,2.625,2.7188,2.4375,2.5781,-0.0469,-1.79%,94186,0
02/15/1988,2.625,2.625,2.625,2.625,0,0.00%,1066,0
02/08/1988,2.8594,2.8594,2.625,2.625,-0.1523,-5.48%,18559,0
02/01/1988,2.7188,2.9063,2.7188,2.7773,0.0585,+2.15%,108586,0
01/25/1988,2.8125,2.8125,2.6719,2.7188,-0.0937,-3.33%,25492,0
01/18/1988,2.6719,2.8125,2.6719,2.8125,0.1406,+5.26%,9812,0
01/11/1988,2.6719,2.8125,2.6719,2.6719,-0.0469,-1.73%,12586,0
01/04/1988,2.6836,2.8594,2.6719,2.7188,0.0352,+1.31%,93333,0
12/28/1987,2.6719,2.8594,2.6719,2.6836,0.0117,+0.44%,23599,0
12/21/1987,2.6719,2.8125,2.6719,2.6719,-0.0937,-3.39%,11066,0
12/14/1987,2.2617,2.7656,2.25,2.7656,0.5039,+22.28%,54612,0
12/07/1987,2.3555,2.3906,2.25,2.2617,-0.0938,-3.98%,19306,0
11/30/1987,2.4375,2.4844,2.3438,2.3555,-0.082,-3.36%,27306,0
11/23/1987,2.2969,2.4375,2.2969,2.4375,0.1406,+6.12%,17999,0
11/16/1987,2.4375,2.5313,2.2969,2.2969,-0.0937,-3.92%,16639,0
11/09/1987,2.3906,2.4844,2.3438,2.3906,0,0.00%,65386,0
11/02/1987,2.4375,2.4844,2.3906,2.3906,-0.0469,-1.92%,11306,0
10/26/1987,2.7188,2.7188,2.0625,2.4375,-0.2813,-10.35%,95573,0
10/19/1987,3.1875,3.1875,2.6719,2.7188,-0.5156,-15.94%,182719,0
10/12/1987,3.6094,3.6563,3.2344,3.2344,-0.375,-10.39%,159466,0
10/05/1987,3.6211,3.7031,3.6094,3.6094,-0.0117,-0.32%,14613,0
"Downloaded from Barchart.com as of 02-05-2023 07:07am CST"
