Time,Open,High,Low,Last,Change,%Chg,Volume,Strike
02/10/2023,26.57,26.76,26.56,26.63,-0.11,-0.41%,21403,0
02/09/2023,27.56,27.735,26.72,26.74,-0.91,-3.29%,1097200,0
02/08/2023,27.66,27.98,27.53,27.65,-0.34,-1.21%,735900,0
02/07/2023,27.35,28.12,27.34,27.99,0.4,+1.45%,795000,0
02/06/2023,27.96,28.17,27.23,27.59,-0.59,-2.09%,1001200,0
02/03/2023,27.89,28.18,27.67,28.18,0.15,+0.54%,1528400,0
02/02/2023,26.71,28.055,26.65,28.03,1.45,+5.46%,1650600,0
02/01/2023,25.34,26.93,25.21,26.58,1,+3.91%,2598300,0
01/31/2023,25.64,26.23,24.31,25.58,-0.19,-0.74%,3298400,0
01/30/2023,25.87,26.01,25.75,25.77,-0.31,-1.19%,1206400,0
01/27/2023,25.59,26.29,25.48,26.08,0.53,+2.07%,1514700,0
01/26/2023,25.28,25.57,24.99,25.55,0.61,+2.45%,2103000,0
01/25/2023,24.79,24.95,24.51,24.94,-0.07,-0.28%,1055800,0
01/24/2023,25.17,25.21,24.79,25.01,-0.16,-0.64%,761400,0
01/23/2023,25.02,25.37,24.82,25.17,0.2,+0.80%,799100,0
01/20/2023,24.66,25.1,24.505,24.97,0.53,+2.17%,1236700,0
01/19/2023,24.4,24.52,24.03,24.44,-0.2,-0.81%,1026000,0
01/18/2023,25.8,25.81,24.62,24.64,-1.24,-4.79%,1559200,0
01/17/2023,25.85,25.955,25.55,25.88,0.06,+0.23%,1138000,0
01/13/2023,25.5,25.89,25.15,25.82,-0.01,-0.04%,760000,0
01/12/2023,25.65,26.01,25.515,25.83,0.35,+1.37%,936300,0
01/11/2023,25.17,25.49,25.12,25.48,0.35,+1.39%,804600,0
01/10/2023,24.91,25.28,24.88,25.13,0.09,+0.36%,1183800,0
01/09/2023,24.85,25.135,24.75,25.04,0.15,+0.60%,1429300,0
01/06/2023,24.44,24.97,24.2,24.89,0.74,+3.06%,1412900,0
01/05/2023,24.45,24.45,23.98,24.15,-0.32,-1.31%,950400,0
01/04/2023,24.63,24.94,24.35,24.47,0.15,+0.62%,1117500,0
01/03/2023,24.87,24.97,24.07,24.32,-0.34,-1.38%,1895900,0
12/30/2022,24.6,24.85,24.42,24.66,-0.14,-0.56%,660000,0
12/29/2022,24.51,24.89,24.3,24.8,0.36,+1.47%,923400,0
12/28/2022,24.84,24.8599,24.44,24.44,-0.3,-1.21%,914200,0
12/27/2022,24.66,24.81,24.48,24.74,0.08,+0.32%,540400,0
12/23/2022,24.42,24.88,24.32,24.66,0.22,+0.90%,642600,0
12/22/2022,24.33,24.44,23.98,24.44,0.01,+0.04%,783800,0
12/21/2022,23.97,24.555,23.97,24.43,0.46,+1.92%,1123400,0
12/20/2022,23.91,24.07,23.73,23.97,0.14,+0.59%,943000,0
12/19/2022,23.98,24.16,23.66,23.83,-0.06,-0.25%,979200,0
12/16/2022,22.59,24.17,22.43,23.89,-0.18,-0.75%,3952200,0
12/15/2022,23.93,24.41,23.705,24.07,0.08,+0.33%,2083800,0
12/14/2022,24.44,24.78,23.98,23.99,-0.67,-2.72%,2133800,0
12/13/2022,26.6,26.81,24.6,24.66,-1.54,-5.88%,2459600,0
12/12/2022,25.92,26.47,25.77,26.2,0.28,+1.08%,1192200,0
12/09/2022,26.19,26.55,25.885,25.92,-0.44,-1.67%,857700,0
12/08/2022,26.84,26.92,26.275,26.36,-0.41,-1.53%,1157500,0
12/07/2022,26.45,26.96,26.23,26.77,0.1,+0.37%,938000,0
12/06/2022,27.33,27.33,26.39,26.67,-0.55,-2.02%,1493200,0
12/05/2022,28.82,28.845,27.04,27.22,-1.9,-6.52%,903800,0
12/02/2022,28.5,29.17,28.45,29.12,0.32,+1.11%,839200,0
12/01/2022,28.93,29.14,28.765,28.8,-0.04,-0.14%,874500,0
11/30/2022,28.31,28.88,27.705,28.84,0.52,+1.84%,1069500,0
11/29/2022,28.17,28.3537,28.0893,28.32,0.12,+0.43%,603700,0
11/28/2022,28.72,28.84,28.04,28.2,-0.7,-2.42%,669900,0
11/25/2022,29.08,29.08,28.79,28.9,0.05,+0.17%,358200,0
11/23/2022,28.4,28.94,28.23,28.85,0.39,+1.37%,889101,0
11/22/2022,28.23,28.555,28.155,28.46,0.48,+1.72%,1064800,0
11/21/2022,28.01,28.06,27.63,27.98,-0.14,-0.50%,699000,0
11/18/2022,28.05,28.17,27.67,28.12,0.65,+2.37%,943000,0
11/17/2022,27.89,28.09,27.35,27.47,-0.93,-3.27%,803500,0
11/16/2022,28.84,28.98,28.3,28.4,-0.37,-1.29%,825400,0
11/15/2022,29.08,29.41,28.52,28.77,0.09,+0.31%,968200,0
11/14/2022,28.58,29.025,28.58,28.68,-0.02,-0.07%,847800,0
11/11/2022,29,29.31,28.4616,28.7,-0.09,-0.31%,933700,0
11/10/2022,28,28.87,28,28.79,1.42,+5.19%,1286200,0
11/09/2022,27.25,27.65,27.19,27.37,-0.01,-0.04%,841800,0
11/08/2022,27.44,27.71,27.05,27.38,-0.06,-0.22%,705300,0
11/07/2022,27.43,27.59,27.09,27.44,0.21,+0.77%,730000,0
11/04/2022,26.69,27.42,26.62,27.23,0.8,+3.03%,1131500,0
11/03/2022,26.76,26.76,26.18,26.43,-0.77,-2.83%,704900,0
11/02/2022,27.38,27.9,27.1,27.2,-0.38,-1.38%,1132200,0
11/01/2022,27.76,27.88,27.47,27.58,-0.07,-0.25%,991000,0
10/31/2022,27.58,27.795,27.36,27.65,0.05,+0.18%,1025703,0
10/28/2022,27.11,27.6,26.9,27.6,0.74,+2.76%,1567400,0
10/27/2022,26.42,27.34,26.42,26.86,0.52,+1.97%,1456400,0
10/26/2022,26.21,26.765,25.97,26.34,0.35,+1.35%,1591700,0
10/25/2022,27.03,27.91,25.74,25.99,-1.36,-4.97%,2818100,0
10/24/2022,27.23,27.56,27.07,27.35,0.3,+1.11%,1281800,0
10/21/2022,26.97,27.34,26.775,27.05,0.3,+1.12%,1901100,0
10/20/2022,28.09,28.3,26.685,26.75,-1.45,-5.14%,1490200,0
10/19/2022,28.34,28.73,27.885,28.2,-0.48,-1.67%,1793000,0
10/18/2022,28.94,29.08,28.41,28.68,0.18,+0.63%,1579000,0
10/17/2022,28.06,28.52,27.92,28.5,0.9,+3.26%,1827900,0
10/14/2022,27.77,28.24,27.44,27.6,0.04,+0.15%,1256300,0
10/13/2022,25.9,27.625,25.68,27.56,1.35,+5.15%,1245800,0
10/12/2022,26.15,26.5,25.77,26.21,0.08,+0.31%,919500,0
10/11/2022,26,26.48,25.88,26.13,0.08,+0.31%,988306,0
10/10/2022,26.57,26.72,26.05,26.05,-0.42,-1.59%,1091300,0
10/07/2022,26.8,26.81,26.26,26.47,-0.46,-1.71%,1300800,0
10/06/2022,26.79,27.05,26.74,26.93,-0.07,-0.26%,863500,0
10/05/2022,26.67,27.04,26.56,27,-0.09,-0.33%,1012000,0
10/04/2022,26.26,27.16,26.23,27.09,1.15,+4.43%,1388800,0
10/03/2022,25.81,26.155,25.45,25.94,0.53,+2.09%,1045000,0
09/30/2022,25.7,25.905,25.35,25.41,-0.21,-0.82%,1072300,0
09/29/2022,25.56,25.7,25.3,25.62,-0.25,-0.97%,1208700,0
09/28/2022,25.38,26.145,25.21,25.87,0.58,+2.29%,1642200,0
09/27/2022,25.97,26.13,25.03,25.29,-0.41,-1.60%,1357300,0
09/26/2022,25.67,26.19,25.59,25.7,-0.25,-0.96%,1716600,0
09/23/2022,26.32,26.39,25.465,25.95,-0.66,-2.48%,2627700,0
09/22/2022,26.83,26.96,26.38,26.61,-0.14,-0.52%,2253600,0
09/21/2022,27.34,27.62,26.72,26.75,-0.33,-1.22%,1196100,0
09/20/2022,26.97,27.36,26.86,27.08,-0.07,-0.26%,1603500,0
09/19/2022,26.25,27.18,26.22,27.15,0.61,+2.30%,1175300,0
09/16/2022,26.23,26.605,25.9,26.54,-0.03,-0.11%,3363700,0
09/15/2022,25.86,26.66,25.8,26.57,0.65,+2.51%,1515400,0
09/14/2022,25.67,25.96,25.39,25.92,0.15,+0.58%,2014700,0
09/13/2022,25.91,26.15,25.585,25.77,-0.78,-2.94%,894200,0
09/12/2022,26.31,26.69,26.22,26.55,0.39,+1.49%,790700,0
09/09/2022,26,26.35,25.955,26.16,0.27,+1.04%,794100,0
09/08/2022,24.85,25.96,24.8,25.89,0.75,+2.98%,1170800,0
09/07/2022,24.64,25.29,24.55,25.14,0.4,+1.62%,833000,0
09/06/2022,25.29,25.295,24.4313,24.74,-0.38,-1.51%,1118200,0
09/02/2022,25.49,25.72,25,25.12,-0.02,-0.08%,870900,0
09/01/2022,25.33,25.33,24.94,25.14,-0.34,-1.33%,869600,0
08/31/2022,25.67,26,25.48,25.48,-0.17,-0.66%,752200,0
08/30/2022,25.87,25.91,25.51,25.65,-0.17,-0.66%,814700,0
08/29/2022,26.21,26.31,25.8,25.82,-0.67,-2.53%,637700,0
08/26/2022,27.28,27.28,26.455,26.49,-0.58,-2.14%,711000,0
08/25/2022,26.83,27.24,26.83,27.07,0.21,+0.78%,634600,0
08/24/2022,26.82,27.06,26.72,26.86,-0.13,-0.48%,741100,0
08/23/2022,27.16,27.38,26.98,26.99,-0.15,-0.55%,468800,0
08/22/2022,27.29,27.33,26.99,27.14,-0.62,-2.23%,558200,0
08/19/2022,28.14,28.14,27.575,27.76,-0.5,-1.77%,508100,0
08/18/2022,28.14,28.29,27.97,28.26,0.09,+0.32%,476600,0
08/17/2022,28.11,28.32,27.93,28.17,-0.23,-0.81%,601200,0
08/16/2022,28.05,28.535,27.91,28.4,0.28,+1.00%,809100,0
08/15/2022,27.56,28.14,27.52,28.12,0.24,+0.86%,1060800,0
08/12/2022,27.75,27.88,27.41,27.88,0.41,+1.49%,844200,0
08/11/2022,27.42,27.61,27.23,27.47,0.41,+1.52%,670600,0
08/10/2022,27,27.31,26.96,27.06,0.46,+1.73%,1575200,0
08/09/2022,26.31,26.6,26.09,26.6,0.41,+1.57%,957900,0
08/08/2022,26.13,26.355,26.01,26.19,0.21,+0.81%,815900,0
08/05/2022,25.35,26.01,25.23,25.98,0.48,+1.88%,1195900,0
08/04/2022,25.91,25.91,25.49,25.5,-0.37,-1.43%,895500,0
08/03/2022,25.84,26,25.6,25.87,0.13,+0.51%,882000,0
08/02/2022,25.97,26.17,25.73,25.74,-0.4,-1.53%,752400,0
08/01/2022,25.89,26.35,25.69,26.14,0.04,+0.15%,1091600,0
07/29/2022,25.69,26.32,25.69,26.1,0.6,+2.35%,1334000,0
07/28/2022,25.92,25.92,25.415,25.5,-0.44,-1.70%,1070800,0
07/27/2022,25.42,26.07,25.16,25.94,0.64,+2.53%,1451600,0
07/26/2022,24.18,25.5,23.58,25.3,0.73,+2.97%,2306300,0
07/25/2022,24.23,24.7,24.09,24.57,0.51,+2.12%,1681700,0
07/22/2022,24.05,24.37,23.86,24.06,-0.18,-0.74%,922800,0
07/21/2022,24.13,24.38,23.9,24.24,-0.12,-0.49%,700900,0
07/20/2022,24.19,24.4,24.06,24.36,0.13,+0.54%,987300,0
07/19/2022,23.67,24.31,23.52,24.23,0.97,+4.17%,1108600,0
07/18/2022,23.44,23.605,23.195,23.26,0.13,+0.56%,914100,0
07/15/2022,22.7,23.2,22.44,23.13,0.82,+3.68%,1024400,0
07/14/2022,22.39,22.52,22.04,22.31,-0.6,-2.62%,819400,0
07/13/2022,23.26,23.26,22.72,22.91,-0.53,-2.26%,1117700,0
07/12/2022,23.03,23.7,23.03,23.44,0.17,+0.73%,1235900,0
07/11/2022,23.6,23.71,23.21,23.27,-0.6,-2.51%,772100,0
07/08/2022,24.12,24.12,23.63,23.87,-0.1,-0.42%,752600,0
07/07/2022,23.86,24.12,23.86,23.97,0.32,+1.35%,949600,0
07/06/2022,23.69,23.96,23.36,23.65,-0.19,-0.80%,868900,0
07/05/2022,23.4,23.87,23.03,23.84,-0.02,-0.08%,875700,0
07/01/2022,23.49,23.9,23.08,23.86,0.38,+1.62%,1888400,0
06/30/2022,23.15,23.745,23.085,23.48,-0.11,-0.47%,1192400,0
06/29/2022,23.74,23.74,23.32,23.59,0.02,+0.08%,876700,0
06/28/2022,24.33,24.45,23.531,23.57,-0.41,-1.71%,1299600,0
06/27/2022,24.25,24.45,23.84,23.98,-0.01,-0.04%,924001,0
06/24/2022,23.45,24.18,23.45,23.99,0.68,+2.92%,2223700,0
06/23/2022,23.52,23.71,22.82,23.31,-0.31,-1.31%,705600,0
06/22/2022,23.27,23.74,23.27,23.62,-0.12,-0.51%,744900,0
06/21/2022,24.1,24.1,23.6,23.74,0.28,+1.19%,887200,0
06/17/2022,23.16,23.68,23.01,23.46,0.49,+2.13%,1994600,0
06/16/2022,23.37,23.63,22.89,22.97,-1.02,-4.25%,1045400,0
06/15/2022,24.18,24.45,23.69,23.99,0.13,+0.54%,869200,0
06/14/2022,23.74,24.05,23.605,23.86,-0.12,-0.50%,1004500,0
06/13/2022,24.27,24.44,23.82,23.98,-0.87,-3.50%,1184900,0
06/10/2022,25.04,25.21,24.73,24.85,-0.76,-2.97%,951800,0
06/09/2022,26.61,26.75,25.565,25.61,-1.1,-4.12%,1006800,0
06/08/2022,26.92,27.01,26.48,26.71,-0.57,-2.09%,870500,0
06/07/2022,26.52,27.3075,26.52,27.28,0.44,+1.64%,870200,0
06/06/2022,27.14,27.14,26.665,26.84,0.01,+0.04%,977400,0
06/03/2022,26.93,27.01,26.68,26.83,-0.3,-1.11%,719100,0
06/02/2022,26.55,27.13,26.3,27.13,0.68,+2.57%,756400,0
06/01/2022,26.84,26.88,26.04,26.45,-0.28,-1.05%,644700,0
05/31/2022,26.5,26.93,26.32,26.73,-0.1,-0.37%,843500,0
05/27/2022,26.35,26.84,26.3,26.83,0.57,+2.17%,786200,0
05/26/2022,26.12,26.435,26.12,26.26,0.45,+1.74%,703800,0
05/25/2022,25.67,26.24,25.62,25.81,0.17,+0.66%,998800,0
05/24/2022,25.63,25.75,25.16,25.64,-0.03,-0.12%,771700,0
05/23/2022,26,26.06,25.5,25.67,0.28,+1.10%,1036000,0
05/20/2022,25.38,25.6,24.76,25.39,0.15,+0.59%,1035500,0
05/19/2022,25.28,25.6,25.03,25.24,-0.22,-0.86%,1250800,0
05/18/2022,25.52,25.64,25.18,25.46,-0.34,-1.32%,1237300,0
05/17/2022,25.32,25.94,25.21,25.8,0.95,+3.82%,874000,0
05/16/2022,24.95,25.13,24.63,24.85,-0.23,-0.92%,917800,0
05/13/2022,25.37,25.55,24.85,25.08,0.06,+0.24%,1037400,0
05/12/2022,24.7,25.04,24.385,25.02,0.16,+0.64%,726500,0
05/11/2022,25.57,25.85,24.81,24.86,-0.53,-2.09%,840000,0
05/10/2022,25.99,26.15,24.82,25.39,-0.22,-0.86%,1101900,0
05/09/2022,25.2,26,25.05,25.61,0.13,+0.51%,1196800,0
05/06/2022,25.68,25.85,25.14,25.48,-0.35,-1.36%,838000,0
05/05/2022,26.61,26.63,25.47,25.83,-0.88,-3.29%,891300,0
05/04/2022,26.09,26.79,25.83,26.71,0.67,+2.57%,870800,0
05/03/2022,25.66,26.17,25.32,26.04,0.6,+2.36%,1193300,0
05/02/2022,24.98,25.51,24.77,25.44,0.4,+1.60%,1261900,0
04/29/2022,25.95,26.2199,24.915,25.04,-1.07,-4.10%,1157600,0
04/28/2022,25.95,26.275,25.59,26.11,0.43,+1.67%,1035100,0
04/27/2022,25.67,26.045,25.39,25.68,-0.33,-1.27%,1911500,0
04/26/2022,26.55,27.19,25.8475,26.01,-0.54,-2.03%,2302600,0
04/25/2022,26.39,26.7,25.81,26.55,0.03,+0.11%,1484700,0
04/22/2022,27.13,27.23,26.51,26.52,-0.7,-2.57%,1304500,0
04/21/2022,28.24,28.51,27.08,27.22,-0.68,-2.44%,1439200,0
04/20/2022,28,28.13,27.7505,27.9,0.22,+0.79%,1907500,0
04/19/2022,26.64,27.765,26.56,27.68,1.32,+5.01%,1286600,0
04/18/2022,26.25,26.54,26.105,26.36,0.01,+0.04%,1067500,0
04/14/2022,26.88,27.12,26.305,26.35,-0.64,-2.37%,904200,0
04/13/2022,26.35,27.01,26.13,26.99,0.44,+1.66%,1053200,0
04/12/2022,26.85,27.13,26.37,26.55,-0.05,-0.19%,1182400,0
04/11/2022,26.45,27.005,26.36,26.6,0.07,+0.26%,1016400,0
04/08/2022,26.75,26.97,26.44,26.53,-0.14,-0.52%,994900,0
04/07/2022,27.42,27.42,26.405,26.67,-0.7,-2.56%,1254100,0
04/06/2022,27.95,28.07,27.315,27.37,-0.67,-2.39%,1157800,0
04/05/2022,28.4,28.84,27.95,28.04,-0.6,-2.09%,1055700,0
04/04/2022,28.75,28.88,28.19,28.64,-0.1,-0.35%,1072400,0
04/01/2022,29.71,29.75,28.73,28.74,-0.52,-1.78%,1981800,0
03/31/2022,29.91,30.255,29.26,29.26,-0.75,-2.50%,1105200,0
03/30/2022,30.7,30.95,29.705,30.01,-0.65,-2.12%,1640600,0
03/29/2022,30.56,30.74,30.23,30.66,0.72,+2.40%,853700,0
03/28/2022,30.02,30.02,29.2,29.94,-0.2,-0.66%,1335800,0
03/25/2022,29.79,30.25,29.68,30.14,0.42,+1.41%,1083200,0
03/24/2022,29.69,29.8,29.3,29.72,0.22,+0.75%,877300,0
03/23/2022,30.23,30.4841,29.44,29.5,-1.12,-3.66%,1268700,0
03/22/2022,30.43,30.82,30.13,30.62,0.72,+2.41%,1293500,0
03/21/2022,30.98,31.02,29.6,29.9,-0.8,-2.61%,1520000,0
03/18/2022,30.04,30.72,29.37,30.7,0.5,+1.66%,5593500,0
03/17/2022,30.21,30.48,29.74,30.2,-0.36,-1.18%,1353500,0
03/16/2022,30.02,30.68,29.76,30.56,0.86,+2.90%,1347100,0
03/15/2022,29.84,30.06,28.93,29.7,0.03,+0.10%,1318300,0
03/14/2022,29.76,30.14,29.33,29.67,-0.06,-0.20%,1461700,0
03/11/2022,30.13,30.73,29.7,29.73,-0.14,-0.47%,1062800,0
03/10/2022,29.33,30.09,29.33,29.87,0.01,+0.03%,2011700,0
03/09/2022,30.03,30.49,29.67,29.86,0.74,+2.54%,1626900,0
03/08/2022,28.41,29.89,28.13,29.12,1.17,+4.19%,2509900,0
03/07/2022,29.27,29.41,27.95,27.95,-1.35,-4.61%,2409300,0
03/04/2022,30.12,30.24,29.13,29.3,-1.57,-5.09%,1834800,0
03/03/2022,31.81,31.9,30.515,30.87,-0.83,-2.62%,1919900,0
03/02/2022,30.5,31.89,30.39,31.7,1.54,+5.11%,1518100,0
03/01/2022,31.33,31.52,29.73,30.16,-1.46,-4.62%,2195500,0
02/28/2022,30.35,31.96,30.35,31.62,0.47,+1.51%,2351800,0
02/25/2022,30.54,31.33,30.4,31.15,0.9,+2.98%,986000,0
02/24/2022,29.45,30.38,29.1,30.25,-0.22,-0.72%,1813100,0
02/23/2022,31.11,31.28,30.37,30.47,-0.36,-1.17%,966500,0
02/22/2022,31.3,31.585,30.611,30.83,-0.72,-2.28%,1358500,0
02/18/2022,31.5,32.005,31.5,31.55,-0.16,-0.50%,1337300,0
02/17/2022,32.06,32.29,31.7,31.71,-0.79,-2.43%,1240900,0
02/16/2022,32.15,32.57,32.135,32.5,0.09,+0.28%,807500,0
02/15/2022,32,32.55,31.885,32.41,0.92,+2.92%,1478400,0
02/14/2022,32.06,32.34,31.25,31.49,-0.3,-0.94%,1404200,0
02/11/2022,31.67,32.55,31.5,31.79,-0.12,-0.38%,1424000,0
02/10/2022,31.85,32.45,31.755,31.91,-0.19,-0.59%,1343700,0
02/09/2022,32.21,32.4,31.95,32.1,-0.11,-0.34%,960400,0
02/08/2022,31.97,32.26,31.79,32.21,0.68,+2.16%,1486800,0
02/07/2022,31.53,31.74,31.32,31.53,-0.06,-0.19%,1027900,0
02/04/2022,31.2,31.88,31,31.59,0.55,+1.77%,1035200,0
02/03/2022,31.28,31.55,31.02,31.04,-0.13,-0.42%,1158700,0
02/02/2022,31.18,31.3,30.91,31.17,-0.27,-0.86%,1332100,0
02/01/2022,31.04,31.51,30.7,31.44,0.27,+0.87%,1089000,0
01/31/2022,30.41,31.23,30.31,31.17,0.38,+1.23%,1727000,0
01/28/2022,30.56,30.83,29.95,30.79,0.25,+0.82%,2198700,0
01/27/2022,31.86,32.32,30.23,30.54,-1.18,-3.72%,2000300,0
01/26/2022,32.5,33.23,31.17,31.72,-0.24,-0.75%,1718100,0
01/25/2022,31.79,32.42,31.22,31.96,-0.16,-0.50%,1445600,0
01/24/2022,30.76,32.29,30.48,32.12,0.67,+2.13%,1489900,0
01/21/2022,31.63,32.26,31.41,31.45,-0.3,-0.94%,1642500,0
01/20/2022,32.48,32.88,31.67,31.75,-0.8,-2.46%,906400,0
01/19/2022,33.71,33.71,32.49,32.55,-1.1,-3.27%,968600,0
01/18/2022,33.99,34.2,33.52,33.65,-0.49,-1.44%,907600,0
01/14/2022,33.44,34.16,33.14,34.14,0.32,+0.95%,992600,0
01/13/2022,33.91,34.24,33.77,33.82,0.17,+0.51%,978400,0
01/12/2022,33.8,34.24,33.34,33.65,-0.14,-0.41%,1190300,0
01/11/2022,33.7,33.83,32.98,33.79,0.18,+0.54%,910100,0
01/10/2022,33.79,34,33.24,33.61,0.19,+0.57%,1596200,0
01/07/2022,32.95,33.62,32.77,33.42,0.47,+1.43%,1752900,0
01/06/2022,32.16,33.145,31.72,32.95,1.54,+4.90%,1339600,0
01/05/2022,31.52,32.1,31.39,31.41,0.1,+0.32%,1471500,0
01/04/2022,30.81,31.75,30.48,31.31,0.87,+2.86%,1473100,0
01/03/2022,30.15,30.8,30.06,30.44,0.65,+2.18%,1039800,0
12/31/2021,29.91,30.129,29.75,29.79,-0.25,-0.83%,522300,0
12/30/2021,30.05,30.32,29.98,30.04,0.13,+0.43%,626800,0
12/29/2021,29.97,30.095,29.62,29.91,0.11,+0.37%,697400,0
12/28/2021,29.61,30,29.51,29.8,0.06,+0.20%,708700,0
12/27/2021,28.96,29.74,28.91,29.74,0.59,+2.02%,672900,0
12/23/2021,29.29,29.57,29.0417,29.15,0.1,+0.34%,411200,0
12/22/2021,28.8,29.066,28.55,29.05,0.18,+0.62%,1019000,0
12/21/2021,28.06,29.035,28.03,28.87,1.13,+4.07%,1474100,0
12/20/2021,28.17,28.26,27.25,27.74,-0.86,-3.01%,1362800,0
12/17/2021,29.35,29.56,28.46,28.6,-1.07,-3.61%,4566600,0
12/16/2021,29.59,30.3,29.45,29.67,0.36,+1.23%,1554900,0
12/15/2021,29.3,29.795,28.9,29.31,-0.06,-0.20%,1589800,0
12/14/2021,29.06,29.7099,29.06,29.37,0.2,+0.69%,1450800,0
12/13/2021,30.11,30.4,28.99,29.17,-1.09,-3.60%,1984000,0
12/10/2021,30.37,30.87,29.95,30.26,0.34,+1.14%,1897200,0
12/09/2021,30.25,30.83,29.82,29.92,0.53,+1.80%,2643100,0
12/08/2021,29.8,30.13,29.26,29.39,-0.43,-1.44%,1537900,0
12/07/2021,30.39,30.41,29.63,29.82,-0.27,-0.90%,1120800,0
12/06/2021,29.83,30.35,29.56,30.09,0.85,+2.91%,1173700,0
12/03/2021,29.76,29.76,29.05,29.24,-0.41,-1.38%,812700,0
12/02/2021,28.92,29.84,28.71,29.65,1.04,+3.64%,919500,0
12/01/2021,29.99,30.11,28.61,28.61,-0.61,-2.09%,1333200,0
11/30/2021,29.41,29.55,28.98,29.22,-0.61,-2.04%,1446300,0
11/29/2021,30.34,30.39,29.83,29.83,-0.15,-0.50%,1190600,0
11/26/2021,30.23,30.25,29.58,29.98,-1.43,-4.55%,1049000,0
11/24/2021,31.54,31.78,31.37,31.41,-0.37,-1.16%,1069100,0
11/23/2021,31.77,31.99,31.59,31.78,0.13,+0.41%,1079000,0
11/22/2021,31.3,31.88,31.06,31.65,0.75,+2.43%,1814900,0
11/19/2021,30.92,31.04,30.42,30.9,-0.44,-1.40%,1915000,0
11/18/2021,31.6,31.83,31.165,31.34,-0.17,-0.54%,1721100,0
11/17/2021,31.5,31.66,31.16,31.51,-0.09,-0.28%,1564200,0
11/16/2021,31.05,31.68,30.845,31.6,0.4,+1.28%,1472100,0
11/15/2021,31.73,31.73,31.11,31.2,-0.21,-0.67%,1463900,0
11/12/2021,31.52,31.775,31.19,31.41,-0.08,-0.25%,1324900,0
11/11/2021,31.68,31.93,31.35,31.49,-0.3,-0.94%,1843700,0
11/10/2021,31.76,32.05,31.56,31.79,-0.03,-0.09%,2500900,0
11/09/2021,30.95,31.82,30.93,31.82,0.6,+1.92%,2250400,0
11/08/2021,31.72,31.97,31.105,31.22,-0.54,-1.70%,3018500,0
11/05/2021,31.5,32.115,31.38,31.76,0.57,+1.83%,3936500,0
11/04/2021,30.65,31.24,29.96,31.19,0.86,+2.84%,3532600,0
11/03/2021,28.74,30.6265,28.7276,30.33,1.45,+5.02%,2794100,0
11/02/2021,29.46,29.67,28.79,28.88,-0.68,-2.30%,2271100,0
11/01/2021,29.39,29.75,29.02,29.56,0.54,+1.86%,2855100,0
10/29/2021,29.16,29.899,28.24,29.02,0.26,+0.90%,1950600,0
10/28/2021,29.04,29.45,28.25,28.76,-0.31,-1.07%,30760300,0
10/27/2021,30,30,28.6,29.07,-0.5,-1.69%,3320900,0
10/26/2021,29.94,30.83,28.96,29.57,-0.91,-2.99%,3564500,0
10/25/2021,30.88,31.045,30.285,30.48,-0.23,-0.75%,1427400,0
10/22/2021,30.97,31.18,30.48,30.71,-0.31,-1.00%,950100,0
10/21/2021,31.16,31.17,30.62,31.02,-0.14,-0.45%,867400,0
10/20/2021,30.01,31.17,29.91,31.16,1.19,+3.97%,1453600,0
10/19/2021,30.48,30.48,29.9,29.97,-0.29,-0.96%,1458100,0
10/18/2021,29.85,30.62,29.85,30.26,0.28,+0.93%,1414900,0
10/15/2021,31.27,31.27,29.97,29.98,-0.65,-2.12%,4448300,0
10/14/2021,30.9,30.98,30.515,30.63,0.05,+0.16%,872200,0
10/13/2021,30.82,30.82,30.3,30.58,-0.32,-1.04%,536000,0
10/12/2021,30.59,31.08,30.38,30.9,0.25,+0.82%,516900,0
10/11/2021,31,31.15,30.605,30.65,-0.18,-0.58%,664900,0
10/08/2021,30.81,31.09,30.7,30.83,0.02,+0.06%,664500,0
10/07/2021,30.6,30.975,30.48,30.81,0.44,+1.45%,619000,0
10/06/2021,30.11,30.4,29.51,30.37,-0.02,-0.07%,585300,0
10/05/2021,30.58,30.6,30.151,30.39,0.09,+0.30%,511500,0
10/04/2021,30.6,31,30.155,30.3,-0.3,-0.98%,859000,0
10/01/2021,29.93,30.84,29.66,30.6,0.82,+2.75%,1109800,0
09/30/2021,30.18,30.26,29.71,29.78,-0.22,-0.73%,1080800,0
09/29/2021,29.93,30.11,29.65,30,0.07,+0.23%,751500,0
09/28/2021,30.39,30.55,29.815,29.93,-0.26,-0.86%,932300,0
09/27/2021,29.9,30.54,29.69,30.19,0.64,+2.17%,1123400,0
09/24/2021,29.35,29.84,29.24,29.55,0.11,+0.37%,826509,0
09/23/2021,28.6,29.79,28.55,29.44,1.12,+3.95%,808100,0
09/22/2021,28.25,28.695,28.14,28.32,0.39,+1.40%,905100,0
09/21/2021,28.1,28.26,27.81,27.93,-0.07,-0.25%,859000,0
09/20/2021,27.75,28.04,27.43,28,-0.48,-1.69%,1107800,0
09/17/2021,28.83,28.96,28.325,28.48,-0.2,-0.70%,3847800,0
09/16/2021,28.98,29.11,28.63,28.68,-0.1,-0.35%,779600,0
09/15/2021,28.34,28.9,28.3,28.78,0.4,+1.41%,698400,0
09/14/2021,28.9,28.95,28.19,28.38,-0.65,-2.24%,1237200,0
09/13/2021,29.46,29.505,28.775,29.03,-0.19,-0.65%,1228400,0
09/10/2021,29.55,29.56,29.18,29.22,-0.08,-0.27%,1125600,0
09/09/2021,29.26,29.79,29.26,29.3,-0.08,-0.27%,918600,0
09/08/2021,29.33,29.54,29.13,29.38,-0.15,-0.51%,758400,0
09/07/2021,29.44,29.98,29.4,29.53,0.08,+0.27%,922800,0
09/03/2021,29.42,29.66,29.34,29.45,0.07,+0.24%,863400,0
09/02/2021,29.5,29.7,29.25,29.38,-0.17,-0.58%,953500,0
09/01/2021,29.4,29.73,29.02,29.55,0.22,+0.75%,1486900,0
08/31/2021,29.32,29.72,29.2,29.33,0.7,+2.44%,1282000,0
08/30/2021,29.48,29.48,28.62,28.63,-0.81,-2.75%,968300,0
08/27/2021,28.57,29.47,28.54,29.44,0.98,+3.44%,821900,0
08/26/2021,28.72,28.79,28.41,28.46,-0.13,-0.45%,1021600,0
08/25/2021,28.6,28.91,28.52,28.59,0.09,+0.32%,568600,0
08/24/2021,28.54,28.7,28.39,28.5,0.09,+0.32%,585900,0
08/23/2021,28.58,28.74,28.41,28.41,-0.01,-0.04%,645600,0
08/20/2021,27.91,28.52,27.83,28.42,0.44,+1.57%,595100,0
08/19/2021,27.97,28.55,27.71,27.98,-0.31,-1.10%,1095200,0
08/18/2021,28.53,28.95,28.24,28.29,-0.23,-0.81%,929800,0
08/17/2021,28.48,28.77,28.26,28.52,-0.28,-0.97%,953500,0
08/16/2021,28.27,28.81,28,28.8,0.2,+0.70%,1035100,0
08/13/2021,28.63,28.7,28.25,28.6,0.03,+0.11%,657600,0
08/12/2021,28.75,28.865,28.39,28.57,-0.15,-0.52%,757900,0
08/11/2021,28.24,28.75,27.96,28.72,0.44,+1.56%,852400,0
08/10/2021,27.47,28.355,27.4,28.28,0.74,+2.69%,963500,0
08/09/2021,27.27,28.02,27.05,27.54,0.1,+0.36%,1253600,0
08/06/2021,26.95,27.63,26.88,27.44,1.01,+3.82%,1182900,0
08/05/2021,25.97,26.45,25.77,26.43,0.66,+2.56%,510400,0
08/04/2021,25.56,26.2,25.51,25.77,-0.38,-1.45%,768200,0
08/03/2021,25.91,26.18,25.26,26.15,0.44,+1.71%,713200,0
08/02/2021,25.84,26.58,25.45,25.71,-0.09,-0.35%,793800,0
07/30/2021,26.02,26.39,25.67,25.8,-0.28,-1.07%,790100,0
07/29/2021,26.16,26.34,25.82,26.08,0.29,+1.12%,614100,0
07/28/2021,25.75,26.09,25.29,25.79,0.28,+1.10%,656600,0
07/27/2021,25.01,25.63,24.87,25.51,0.15,+0.59%,634600,0
07/26/2021,25.47,25.92,25.25,25.36,-0.04,-0.16%,746600,0
07/23/2021,25.4,25.63,25.11,25.4,0.23,+0.91%,507400,0
07/22/2021,26.28,26.28,24.92,25.17,-0.99,-3.78%,842800,0
07/21/2021,25.92,26.425,25.905,26.16,0.53,+2.07%,775700,0
07/20/2021,25.23,26.51,25.23,25.63,0.3,+1.18%,1191600,0
07/19/2021,25.79,26,25.125,25.33,-1.21,-4.56%,917800,0
07/16/2021,27.48,27.48,26.48,26.54,-0.73,-2.68%,565200,0
07/15/2021,26.56,27.3039,26.42,27.27,0.4,+1.49%,679300,0
07/14/2021,26.96,27.44,26.62,26.87,-0.07,-0.26%,742400,0
07/13/2021,27.28,27.405,26.79,26.94,-0.51,-1.86%,528000,0
07/12/2021,27,27.52,26.8,27.45,-0.22,-0.80%,540600,0
07/09/2021,26.92,27.72,26.74,27.67,1.37,+5.21%,914200,0
07/08/2021,26.17,26.5,25.85,26.3,-0.37,-1.39%,1296000,0
07/07/2021,26.73,27.37,26.55,26.67,-0.47,-1.73%,1006800,0
07/06/2021,28.04,28.25,26.965,27.14,-1.01,-3.59%,1482700,0
07/02/2021,28.58,28.58,28.05,28.15,-0.44,-1.54%,544800,0
07/01/2021,28.6,28.82,28.42,28.59,0.26,+0.92%,605300,0
06/30/2021,28.11,28.63,28.11,28.33,0.04,+0.14%,641400,0
06/29/2021,28.54,28.85,28.17,28.29,-0.01,-0.04%,704700,0
06/28/2021,28.87,28.87,28.19,28.3,-0.71,-2.45%,750600,0
06/25/2021,29.01,29.48,28.84,29.01,0.04,+0.14%,1857800,0
06/24/2021,28.7,29.035,28.48,28.97,0.42,+1.47%,783800,0
06/23/2021,28.89,29.11,28.55,28.55,-0.31,-1.07%,796800,0
06/22/2021,28.82,28.97,28.32,28.86,-0.07,-0.24%,857000,0
06/21/2021,28.01,28.93,27.94,28.93,1.34,+4.86%,1501900,0
06/18/2021,28.33,28.47,27.59,27.59,-1.03,-3.60%,3906000,0
06/17/2021,30.38,30.46,28.5799,28.62,-1.54,-5.11%,1158300,0
06/16/2021,29.76,30.42,29.34,30.16,0.25,+0.84%,770200,0
06/15/2021,29.63,30.23,29.3,29.91,0.27,+0.91%,904100,0
06/14/2021,30.28,30.46,29.29,29.64,-0.71,-2.34%,1312900,0
06/11/2021,30.3,30.61,30.2,30.35,0.25,+0.83%,820400,0
06/10/2021,31.04,31.1,30.09,30.1,-0.54,-1.76%,830900,0
06/09/2021,30.81,30.865,30.5,30.64,-0.37,-1.19%,686300,0
06/08/2021,31.1,31.32,30.74,31.01,-0.26,-0.83%,991400,0
06/07/2021,31.03,31.325,30.805,31.27,0.27,+0.87%,1023200,0
06/04/2021,30.91,31.06,30.69,31,0.03,+0.10%,529500,0
06/03/2021,30.67,31.07,30.65,30.97,0.23,+0.75%,569900,0
06/02/2021,31.01,31.06,30.53,30.74,-0.11,-0.36%,678500,0
06/01/2021,30.91,31.07,30.65,30.85,0.27,+0.88%,596200,0
05/28/2021,30.47,30.635,29.98,30.58,0.13,+0.43%,785300,0
05/27/2021,30.54,30.73,30.23,30.45,0.4,+1.33%,347900,0
05/26/2021,29.67,30.12,29.48,30.05,0.38,+1.28%,441800,0
05/25/2021,30.69,30.99,29.62,29.67,-0.99,-3.23%,643400,0
05/24/2021,31.22,31.22,30.63,30.66,-0.54,-1.73%,657100,0
05/21/2021,31.02,31.45,30.9,31.2,0.42,+1.36%,686600,0
05/20/2021,30.8,31.03,30.3,30.78,-0.21,-0.68%,717400,0
05/19/2021,30.54,31.01,29.99,30.99,0.06,+0.19%,643100,0
05/18/2021,31.65,31.88,30.89,30.93,-0.72,-2.27%,606400,0
05/17/2021,31.46,31.76,31.22,31.65,-0.08,-0.25%,967200,0
05/14/2021,31.52,31.805,31.15,31.73,0.7,+2.26%,854300,0
05/13/2021,29.39,31.155,29.33,31.03,1.61,+5.47%,1148600,0
05/12/2021,30.6,30.82,29.31,29.42,-0.82,-2.71%,985000,0
05/11/2021,29.84,30.55,29.67,30.24,0,0.00%,722600,0
05/10/2021,31.09,31.43,30.24,30.24,-0.59,-1.91%,855700,0
05/07/2021,30.35,30.88,30.11,30.83,-0.04,-0.13%,715400,0
05/06/2021,30.39,30.87,29.87,30.87,0.63,+2.08%,827100,0
05/05/2021,30.3,30.375,29.84,30.24,-0.06,-0.20%,934900,0
05/04/2021,30.03,30.45,29.75,30.3,-0.05,-0.16%,1064500,0
05/03/2021,30.09,30.71,29.63,30.35,0.76,+2.57%,1103200,0
04/30/2021,30.04,30.56,29.58,29.59,-0.78,-2.57%,1101500,0
04/29/2021,30.11,30.65,30.09,30.37,0.54,+1.81%,640800,0
04/28/2021,30.09,30.28,29.63,29.83,-0.25,-0.83%,609400,0
04/27/2021,29.92,30.09,29.54,30.08,0.23,+0.77%,752400,0
04/26/2021,30.73,30.91,29.77,29.85,-0.53,-1.74%,936300,0
04/23/2021,28.95,30.63,28.95,30.38,1.45,+5.01%,1212900,0
04/22/2021,29.69,29.95,28.92,28.93,-0.71,-2.40%,1146900,0
04/21/2021,29.2,29.675,28.95,29.64,0.44,+1.51%,874000,0
04/20/2021,30.47,30.61,28.94,29.2,-1.64,-5.32%,1596600,0
04/19/2021,30.89,31.12,30.32,30.84,-0.32,-1.03%,959500,0
04/16/2021,31.78,31.91,30.64,31.16,-0.05,-0.16%,965200,0
04/15/2021,31.21,31.33,30.25,31.21,0.07,+0.22%,1303300,0
04/14/2021,30.33,31.72,30.21,31.14,0.9,+2.98%,1891700,0
04/13/2021,30.1,30.33,29.185,30.24,-0.25,-0.82%,2042800,0
04/12/2021,32.38,32.38,30.21,30.49,-1.77,-5.49%,2376200,0
04/09/2021,32.15,32.26,31.89,32.26,0.39,+1.22%,349600,0
04/08/2021,31.91,31.97,31.18,31.87,-0.07,-0.22%,337700,0
04/07/2021,32.37,32.56,31.79,31.94,-0.4,-1.24%,372000,0
04/06/2021,32.58,32.91,32.09,32.34,-0.24,-0.74%,389700,0
04/05/2021,33,33.1778,32.27,32.58,0.07,+0.22%,309500,0
04/01/2021,32.49,32.84,32.23,32.51,0.03,+0.09%,465400,0
03/31/2021,32.67,33.17,32.36,32.48,-0.28,-0.85%,428000,0
03/30/2021,32.52,33.05,32.5,32.76,0.52,+1.61%,331300,0
03/29/2021,32.89,33.08,31.995,32.24,-1.2,-3.59%,505700,0
03/26/2021,32.95,33.49,32.69,33.44,1.04,+3.21%,332200,0
03/25/2021,31.59,32.67,31.31,32.4,0.66,+2.08%,385200,0
03/24/2021,32.07,33.02,31.73,31.74,0.1,+0.32%,759300,0
03/23/2021,32.79,33.05,31.34,31.64,-1.55,-4.67%,439800,0
03/22/2021,33.6,33.91,32.78,33.19,-0.8,-2.35%,389400,0
03/19/2021,34.29,34.45,33.376,33.99,-0.31,-0.90%,1492000,0
03/18/2021,34.41,35.59,34.1,34.3,0.33,+0.97%,585400,0
03/17/2021,34.3,34.415,33.65,33.97,0.06,+0.18%,235200,0
03/16/2021,33.88,33.97,33.34,33.91,-0.38,-1.11%,298500,0
03/15/2021,34.74,34.755,33.83,34.29,-0.66,-1.89%,343900,0
03/12/2021,34.13,34.98,34.06,34.95,1.2,+3.56%,381400,0
03/11/2021,33.62,33.885,33.22,33.75,-0.09,-0.27%,504400,0
03/10/2021,33.75,34.13,33.54,33.84,0.06,+0.18%,622100,0
03/09/2021,33.21,34.38,32.155,33.78,0.17,+0.51%,1029800,0
03/08/2021,32.86,34.06,32.64,33.61,1.07,+3.29%,573400,0
03/05/2021,32.23,32.58,31.59,32.54,1.09,+3.47%,434800,0
03/04/2021,31.8,32.56,31.04,31.45,-0.42,-1.32%,466100,0
03/03/2021,30.98,32.32,30.93,31.87,1.15,+3.74%,501300,0
03/02/2021,31.01,31.05,30.45,30.72,-0.3,-0.97%,319600,0
03/01/2021,30.69,31.17,30.4,31.02,0.96,+3.19%,343600,0
02/26/2021,30.58,30.79,30.02,30.06,-0.71,-2.31%,359800,0
02/25/2021,31.72,31.88,30.75,30.77,-0.88,-2.78%,271800,0
02/24/2021,31.27,31.72,30.89,31.65,0.62,+2.00%,385700,0
02/23/2021,31,31.84,30.815,31.03,0.11,+0.36%,546600,0
02/22/2021,29.97,31,29.97,30.92,0.81,+2.69%,333800,0
02/19/2021,29.77,30.18,29.6901,30.11,0.51,+1.72%,268500,0
02/18/2021,29.58,29.83,29.34,29.6,-0.12,-0.40%,218100,0
02/17/2021,29.71,30.05,29.65,29.72,-0.26,-0.87%,297100,0
02/16/2021,29.68,30.12,29.37,29.98,0.64,+2.18%,483500,0
02/12/2021,29.26,29.6184,29.06,29.34,-0.05,-0.17%,173200,0
02/11/2021,29.72,29.93,28.99,29.39,-0.26,-0.88%,313700,0
02/10/2021,29.84,30.1,29.46,29.65,-0.08,-0.27%,294100,0
02/09/2021,29.16,29.78,28.91,29.73,0.54,+1.85%,280400,0
02/08/2021,28.82,29.21,28.62,29.19,0.53,+1.85%,264700,0
02/05/2021,29.25,29.34,28.51,28.66,-0.3,-1.04%,352200,0
02/04/2021,28.34,29.115,28.34,28.96,0.72,+2.55%,583800,0
02/03/2021,28.28,28.67,27.955,28.24,-0.23,-0.81%,373100,0
02/02/2021,28.57,28.65,28.09,28.47,0.31,+1.10%,391500,0
02/01/2021,27.83,28.27,27.39,28.16,0.51,+1.84%,361600,0
01/29/2021,28.22,28.46,27.59,27.65,-0.66,-2.33%,667600,0
01/28/2021,28.68,28.7,28.08,28.31,0.23,+0.82%,347300,0
01/27/2021,28.37,28.84,27.97,28.08,-0.95,-3.27%,403400,0
01/26/2021,30.25,30.28,28.84,29.03,-1.22,-4.03%,523000,0
01/25/2021,29.86,30.28,29.535,30.25,-0.12,-0.40%,537200,0
01/22/2021,29.11,30.39,29.03,30.37,0.86,+2.91%,418200,0
01/21/2021,30.02,30.095,29.34,29.51,-0.64,-2.12%,270700,0
01/20/2021,30.04,30.24,29.72,30.15,0.02,+0.07%,334400,0
01/19/2021,30.34,30.5,29.8615,30.13,-0.02,-0.07%,346000,0
01/15/2021,29.69,30.42,29.68,30.15,-0.32,-1.05%,446100,0
01/14/2021,30.76,30.76,30.285,30.47,0.22,+0.73%,409100,0
01/13/2021,30.24,30.33,29.81,30.25,-0.12,-0.40%,309500,0
01/12/2021,30.25,30.68,30.15,30.37,0.32,+1.06%,392600,0
01/11/2021,29.55,30.25,29.47,30.05,0.18,+0.60%,415400,0
01/08/2021,30.17,30.17,29.31,29.87,-0.46,-1.52%,535300,0
01/07/2021,30.2,30.64,30.02,30.33,0.51,+1.71%,688400,0
01/06/2021,28.49,30.32,28.49,29.82,2.14,+7.73%,804500,0
01/05/2021,27.66,28.105,27.3,27.68,0.09,+0.33%,349800,0
01/04/2021,27.69,27.94,26.95,27.59,0.15,+0.55%,403900,0
12/31/2020,27.25,27.61,27.08,27.44,0.08,+0.29%,391900,0
12/30/2020,27.29,27.735,27.25,27.36,0.12,+0.44%,293200,0
12/29/2020,27.89,27.89,27.1,27.24,-0.62,-2.23%,209600,0
12/28/2020,27.87,28.06,27.54,27.86,0.25,+0.91%,272800,0
12/24/2020,27.75,27.75,27.29,27.61,-0.12,-0.43%,101100,0
12/23/2020,27.29,27.88,27.27,27.73,0.63,+2.32%,315800,0
12/22/2020,27.64,27.7291,27,27.1,-0.62,-2.24%,286600,0
12/21/2020,27.6,27.87,27.18,27.72,0.08,+0.29%,507700,0
12/18/2020,28.31,28.54,27.5,27.64,-0.59,-2.09%,1190900,0
12/17/2020,28.21,28.3612,27.79,28.23,-0.02,-0.07%,354100,0
12/16/2020,28.5,28.5,27.98,28.25,-0.14,-0.49%,428500,0
12/15/2020,27.94,28.45,27.55,28.39,0.67,+2.42%,577500,0
12/14/2020,28.21,28.21,27.38,27.72,-0.15,-0.54%,332400,0
12/11/2020,27.83,28.33,27.66,27.87,-0.47,-1.66%,382800,0
12/10/2020,27.8,28.4,27.53,28.34,0.69,+2.50%,430300,0
12/09/2020,27.9,28.06,27.47,27.65,0.07,+0.25%,350600,0
12/08/2020,26.99,27.65,26.99,27.58,0.17,+0.62%,374300,0
12/07/2020,26.95,27.45,26.71,27.41,0.12,+0.44%,246000,0
12/04/2020,26.94,27.32,26.71,27.29,0.66,+2.48%,370500,0
12/03/2020,26.73,26.91,26.12,26.63,0.14,+0.53%,275700,0
12/02/2020,26.06,26.66,25.97,26.49,0.3,+1.15%,320200,0
12/01/2020,26.04,26.49,25.83,26.19,0.84,+3.31%,383100,0
11/30/2020,26.19,26.31,25.22,25.35,-1.14,-4.30%,367900,0
11/27/2020,26.9,26.96,26.15,26.49,-0.5,-1.85%,126000,0
11/25/2020,27.31,27.45,26.68,26.99,-0.74,-2.67%,272200,0
11/24/2020,26.85,27.85,26.85,27.73,1.35,+5.12%,456800,0
11/23/2020,26.87,26.87,26.29,26.38,0.01,+0.04%,351600,0
11/20/2020,26,26.38,25.7,26.37,0.11,+0.42%,404700,0
11/19/2020,26,26.31,25.59,26.26,0.03,+0.11%,389600,0
11/18/2020,26.97,27.23,26.22,26.23,-0.8,-2.96%,497200,0
11/17/2020,26.59,27.07,26.38,27.03,-0.21,-0.77%,351500,0
11/16/2020,27.13,27.67,26.82,27.24,0.66,+2.48%,625900,0
11/13/2020,26.24,26.775,26.03,26.58,0.74,+2.86%,302200,0
11/12/2020,26.01,26.17,25.47,25.84,-0.69,-2.60%,333700,0
11/11/2020,27.43,27.43,26.13,26.53,-0.97,-3.53%,335500,0
11/10/2020,26.93,27.75,26.38,27.5,0.86,+3.23%,636900,0
11/09/2020,25.79,27.42,24.92,26.64,3.42,+14.73%,777700,0
11/06/2020,23.69,23.7,23.1101,23.22,-0.24,-1.02%,227600,0
11/05/2020,22.67,23.63,22.67,23.46,0.81,+3.58%,224200,0
11/04/2020,23.47,23.53,22.56,22.65,-1.77,-7.25%,317700,0
11/03/2020,24.4,24.65,24.07,24.42,0.6,+2.52%,436400,0
11/02/2020,23.72,24.09,23.37,23.82,0.41,+1.75%,306600,0
10/30/2020,22.94,23.53,22.94,23.41,0.29,+1.25%,293500,0
10/29/2020,22.64,23.2,22.16,23.12,0.45,+1.99%,384400,0
10/28/2020,22.81,23.26,22.61,22.67,-0.67,-2.87%,320700,0
10/27/2020,24.11,24.29,23.31,23.34,-0.97,-3.99%,219600,0
10/26/2020,24.12,24.35,23.82,24.31,-0.28,-1.14%,323400,0
10/23/2020,24.71,24.97,24.22,24.59,0.2,+0.82%,310300,0
10/22/2020,23.44,24.55,23.4,24.39,1.06,+4.54%,549100,0
10/21/2020,23.1,23.64,23.09,23.33,0.61,+2.68%,447400,0
10/20/2020,22.75,23.44,21.99,22.72,0.98,+4.51%,615300,0
10/19/2020,22.23,22.4,21.71,21.74,-0.22,-1.00%,187600,0
10/16/2020,21.96,22.18,21.64,21.96,-0.04,-0.18%,301300,0
10/15/2020,21.19,22.03,21.12,22,0.56,+2.61%,194300,0
10/14/2020,21.66,22.09,21.42,21.44,-0.31,-1.43%,330000,0
10/13/2020,22.37,22.74,21.72,21.75,-0.93,-4.10%,391200,0
10/12/2020,22.15,22.73,22,22.68,0.46,+2.07%,316600,0
10/09/2020,22.76,22.94,22.18,22.22,-0.4,-1.77%,355600,0
10/08/2020,22.53,22.85,22.32,22.62,0.38,+1.71%,437400,0
10/07/2020,21.86,22.4,21.86,22.24,0.6,+2.77%,554100,0
10/06/2020,21.93,22.7,21.6,21.64,0.09,+0.42%,752600,0
10/05/2020,20.94,21.57,20.81,21.55,0.89,+4.31%,470000,0
10/02/2020,19.4,20.85,18.77,20.66,0.83,+4.19%,652100,0
10/01/2020,19.43,19.84,19.14,19.83,0.45,+2.32%,665500,0
09/30/2020,19.39,19.66,19.18,19.38,0.19,+0.99%,376700,0
09/29/2020,19.43,19.43,18.87,19.19,-0.12,-0.62%,461200,0
09/28/2020,18.96,19.39,18.92,19.31,0.68,+3.65%,348200,0
09/25/2020,18.22,18.755,18.105,18.63,0.17,+0.92%,387100,0
09/24/2020,18.39,18.85,18.2,18.46,0.19,+1.04%,423400,0
09/23/2020,18.91,19.29,18.26,18.27,-0.52,-2.77%,465100,0
09/22/2020,19.22,19.57,18.73,18.79,-0.43,-2.24%,349100,0
09/21/2020,19.75,20.05,18.94,19.22,-1.06,-5.23%,544600,0
09/18/2020,20.7,20.7,20.135,20.28,-0.25,-1.22%,1763000,0
09/17/2020,20.31,20.61,20.31,20.53,-0.12,-0.58%,485800,0
09/16/2020,20.37,20.95,20.17,20.65,0.27,+1.32%,439600,0
09/15/2020,20.83,20.845,20.18,20.38,-0.43,-2.07%,300000,0
09/14/2020,20.5,20.96,20.46,20.81,0.28,+1.36%,342300,0
09/11/2020,20.5,20.7,20.36,20.53,0,0.00%,374100,0
09/10/2020,21.07,21.07,20.42,20.53,-0.44,-2.10%,397500,0
09/09/2020,21.24,21.24,20.8,20.97,-0.12,-0.57%,426500,0
09/08/2020,22.09,22.09,20.65,21.09,-1.25,-5.60%,432600,0
09/04/2020,22.49,22.57,21.95,22.34,0.52,+2.38%,323300,0
09/03/2020,22.16,22.84,21.74,21.82,-0.14,-0.64%,249400,0
09/02/2020,21.66,22.07,21.16,21.96,0.15,+0.69%,324500,0
09/01/2020,21.31,21.89,21.21,21.81,0.23,+1.07%,336800,0
08/31/2020,21.69,21.92,21.57,21.58,-0.31,-1.42%,418700,0
08/28/2020,22.42,22.42,21.82,21.89,-0.34,-1.53%,310000,0
08/27/2020,22.1,22.595,22.08,22.23,0.26,+1.18%,236300,0
08/26/2020,22.55,22.59,21.95,21.97,-0.66,-2.92%,254700,0
08/25/2020,22.99,22.99,22.38,22.63,-0.02,-0.09%,186900,0
08/24/2020,22.02,22.72,21.68,22.65,0.87,+3.99%,215500,0
08/21/2020,21.78,22.08,21.54,21.78,-0.17,-0.77%,344000,0
08/20/2020,21.95,22.3,21.91,21.95,-0.4,-1.79%,310600,0
08/19/2020,22.24,22.61,22,22.35,0.27,+1.22%,336500,0
08/18/2020,22.93,23.03,22.02,22.08,-0.87,-3.79%,348900,0
08/17/2020,23.04,23.43,22.76,22.95,-0.34,-1.46%,343800,0
08/14/2020,22.55,23.52,22.52,23.29,0.39,+1.70%,376700,0
08/13/2020,23.06,23.31,22.79,22.9,-0.51,-2.18%,234700,0
08/12/2020,24.28,24.28,23.06,23.41,-0.26,-1.10%,294100,0
08/11/2020,23.84,24.285,23.56,23.67,0.37,+1.59%,583100,0
08/10/2020,23,23.82,22.76,23.3,0.51,+2.24%,383400,0
08/07/2020,21.68,22.82,21.43,22.79,1,+4.59%,360200,0
08/06/2020,21.51,21.89,21.14,21.79,0.14,+0.65%,306100,0
08/05/2020,21.32,21.72,21.04,21.65,0.64,+3.05%,308500,0
08/04/2020,21.08,21.1534,20.79,21.01,-0.22,-1.04%,244200,0
08/03/2020,21.15,21.43,20.71,21.23,0.3,+1.43%,356900,0
07/31/2020,21.24,21.28,20.515,20.93,-0.48,-2.24%,449800,0
07/30/2020,21.38,21.52,21.1,21.41,-0.63,-2.86%,319600,0
07/29/2020,21.58,22.05,21.32,22.04,0.44,+2.04%,267200,0
07/28/2020,21.44,21.86,21.44,21.6,0.01,+0.05%,290600,0
07/27/2020,21.85,21.98,21.47,21.59,-0.47,-2.13%,433500,0
07/24/2020,22.4,22.77,22,22.06,-0.31,-1.39%,405000,0
07/23/2020,21.92,22.64,21.88,22.37,0.55,+2.52%,658800,0
07/22/2020,22.34,22.53,21.54,21.82,-0.71,-3.15%,743200,0
07/21/2020,21.97,22.95,21.7963,22.53,1.27,+5.97%,938200,0
07/20/2020,21.27,21.5,21.01,21.26,-0.11,-0.51%,469500,0
07/17/2020,21.89,22,21.35,21.37,-0.57,-2.60%,427200,0
07/16/2020,21.92,22.45,21.6,21.94,-0.15,-0.68%,468300,0
07/15/2020,21.39,22.23,21.34,22.09,1.09,+5.19%,594900,0
07/14/2020,21.14,21.35,20.58,21,-0.25,-1.18%,332300,0
07/13/2020,21.26,21.84,20.6,21.25,0.39,+1.87%,1058600,0
07/10/2020,19.75,20.93,19.75,20.86,1.1,+5.57%,455300,0
07/09/2020,20.54,20.79,19.75,19.76,-1.04,-5.00%,551600,0
07/08/2020,21,21.535,20.44,20.8,-0.33,-1.56%,517500,0
07/07/2020,21.47,21.63,21.07,21.13,-0.66,-3.03%,365300,0
07/06/2020,22.41,22.6299,21.59,21.79,0.07,+0.32%,381100,0
07/02/2020,22.74,23,21.61,21.72,-0.23,-1.05%,408000,0
07/01/2020,22.8,22.93,21.89,21.95,-0.79,-3.47%,510500,0
06/30/2020,21.8,22.94,21.8,22.74,0.7,+3.18%,563600,0
06/29/2020,21.44,22.34,21.44,22.04,1.09,+5.20%,426800,0
06/26/2020,21.74,21.74,20.79,20.95,-1.32,-5.93%,939300,0
06/25/2020,21.06,22.3,21.015,22.27,1.02,+4.80%,487100,0
06/24/2020,21.44,21.72,20.94,21.25,-0.66,-3.01%,536500,0
06/23/2020,23.04,23.24,21.905,21.91,-0.63,-2.80%,466800,0
06/22/2020,22.01,22.7,21.805,22.54,0.14,+0.63%,371900,0
06/19/2020,22.93,22.93,21.85,22.4,-0.37,-1.62%,1628200,0
06/18/2020,22,23.1,22,22.77,0.34,+1.52%,380000,0
06/17/2020,23.48,23.525,22.29,22.43,-1.01,-4.31%,447600,0
06/16/2020,23.13,23.8,22.51,23.44,1.58,+7.23%,704000,0
06/15/2020,20.5,22.15,20.4,21.86,0.21,+0.97%,568700,0
06/12/2020,22.23,22.23,20.84,21.65,0.39,+1.83%,516500,0
06/11/2020,22.75,22.75,21.23,21.26,-2.71,-11.31%,613700,0
06/10/2020,25.14,25.17,23.82,23.97,-1.39,-5.48%,660700,0
06/09/2020,24.7,25.84,24.59,25.36,-0.19,-0.74%,604100,0
06/08/2020,25.34,25.87,25.05,25.55,0.14,+0.55%,615200,0
06/05/2020,25.03,25.93,24.55,25.41,2,+8.54%,752000,0
06/04/2020,22.95,23.71,22.61,23.41,0.33,+1.43%,442500,0
06/03/2020,22.47,23.43,22.46,23.08,1.36,+6.26%,530500,0
06/02/2020,22.33,22.43,21.58,21.72,-0.23,-1.05%,463800,0
06/01/2020,22.41,22.48,21.92,21.95,-0.28,-1.26%,456100,0
05/29/2020,22.42,22.66,21.815,22.23,-0.7,-3.05%,470100,0
05/28/2020,24.2,24.33,22.82,22.93,-0.82,-3.45%,792500,0
05/27/2020,21.94,23.95,21.705,23.75,1.81,+8.25%,697800,0
05/26/2020,21.43,22.31,21.15,21.94,1.5,+7.34%,558700,0
05/22/2020,20.71,20.76,20.13,20.44,-0.04,-0.20%,337900,0
05/21/2020,20.38,20.7,20.275,20.48,-0.01,-0.05%,553500,0
05/20/2020,19.71,20.67,19.585,20.49,1.3,+6.77%,495300,0
05/19/2020,20.12,20.35,19.19,19.19,-1.21,-5.93%,359200,0
05/18/2020,19.47,20.5,19.38,20.4,1.92,+10.39%,536700,0
05/15/2020,18.3,18.54,18,18.48,0.04,+0.22%,296000,0
05/14/2020,17.69,18.57,17.21,18.44,0.19,+1.04%,489100,0
05/13/2020,18.86,19.05,17.9,18.25,-0.83,-4.35%,482200,0
05/12/2020,20.18,20.36,19.07,19.08,-1.08,-5.36%,562900,0
05/11/2020,20.42,20.63,19.67,20.16,-0.66,-3.17%,630700,0
05/08/2020,20.26,20.89,20.06,20.82,1.19,+6.06%,447900,0
05/07/2020,19.88,20.34,19.54,19.63,0.11,+0.56%,381400,0
05/06/2020,20.32,20.48,19.41,19.52,-0.67,-3.32%,447600,0
05/05/2020,21.27,21.41,20.16,20.19,-0.67,-3.21%,337000,0
05/04/2020,20.49,20.97,20.21,20.86,-0.25,-1.18%,488600,0
05/01/2020,21.12,21.44,20.66,21.11,-0.78,-3.56%,524700,0
04/30/2020,22.07,22.16,21.56,21.89,-0.89,-3.91%,584100,0
04/29/2020,22.63,23.27,22.04,22.78,1.22,+5.66%,826200,0
04/28/2020,21.8,22.47,21.5,21.56,0.11,+0.51%,742100,0
04/27/2020,19.96,21.74,19.96,21.45,1.4,+6.98%,543100,0
04/24/2020,20,20.21,19.45,20.05,0.25,+1.26%,499500,0
04/23/2020,19.83,20.29,19.58,19.8,-0.02,-0.10%,431100,0
04/22/2020,20.58,20.88,19.74,19.82,-0.23,-1.15%,701700,0
04/21/2020,19.53,20.83,19.02,20.05,-0.51,-2.48%,758800,0
04/20/2020,20.11,21.24,19.97,20.56,-0.22,-1.06%,855300,0
04/17/2020,20.11,21.15,19.69,20.78,1.35,+6.95%,860000,0
04/16/2020,19.98,20.145,18.81,19.43,-0.69,-3.43%,922600,0
04/15/2020,20,20.17,19.57,20.12,-0.6,-2.90%,1388600,0
04/14/2020,21.89,21.965,20.45,20.72,-0.6,-2.81%,470800,0
04/13/2020,22.71,22.71,21.18,21.32,-1.72,-7.47%,730500,0
04/09/2020,21.2,23.12,20.92,23.04,2.38,+11.52%,746200,0
04/08/2020,19.86,21.04,19.47,20.66,1.15,+5.89%,680100,0
04/07/2020,20,20.53,19.33,19.51,0.28,+1.46%,736400,0
04/06/2020,18.96,19.38,18.67,19.23,1.29,+7.19%,810200,0
04/03/2020,18.82,19.13,17.59,17.94,-1.15,-6.02%,561900,0
04/02/2020,18,19.14,17.85,19.09,0.81,+4.43%,524700,0
04/01/2020,17.91,18.79,17.75,18.28,-0.64,-3.38%,850200,0
03/31/2020,18.46,19.04,18.22,18.92,0.26,+1.39%,623400,0
03/30/2020,18.08,18.76,17.75,18.66,0.62,+3.44%,757200,0
03/27/2020,17.51,18.7099,17.24,18.04,-0.16,-0.88%,984100,0
03/26/2020,17.76,18.66,17.46,18.2,0.62,+3.53%,1424000,0
03/25/2020,19.31,19.73,17.4,17.58,-1.78,-9.19%,1050400,0
03/24/2020,19.05,19.62,18.03,19.36,1.42,+7.92%,776200,0
03/23/2020,20.07,20.3,17.51,17.94,-2.19,-10.88%,742800,0
03/20/2020,22.64,23.31,19.6,20.13,-2.58,-11.36%,1420300,0
03/19/2020,19.65,23,18.97,22.71,2.89,+14.58%,1166300,0
03/18/2020,19.55,20.51,18.73,19.82,-1.27,-6.02%,914200,0
03/17/2020,18.65,21.19,18.045,21.09,2.83,+15.50%,1028200,0
03/16/2020,18.8,19.11,18.125,18.26,-2.34,-11.36%,958800,0
03/13/2020,20.42,20.63,18.96,20.6,1.5,+7.85%,1062300,0
03/12/2020,19.49,20.76,18.3,19.1,-2.14,-10.08%,1008800,0
03/11/2020,22.42,22.56,20.83,21.24,-1.89,-8.17%,804300,0
03/10/2020,22.13,23.15,21.29,23.13,1.97,+9.31%,987300,0
03/09/2020,22.14,22.7,21.06,21.16,-3.4,-13.84%,899200,0
03/06/2020,24,24.82,24,24.56,-0.55,-2.19%,1070600,0
03/05/2020,25.02,25.48,24.83,25.11,-0.84,-3.24%,722100,0
03/04/2020,25.57,26.085,24.85,25.95,0.67,+2.65%,611200,0
03/03/2020,25.85,26.44,25.18,25.28,-0.72,-2.77%,1293400,0
03/02/2020,24.98,26,24.49,26,1.53,+6.25%,831800,0
02/28/2020,25.04,25.33,23.87,24.47,-1.2,-4.67%,1020700,0
02/27/2020,26.12,26.85,25.67,25.67,-1.04,-3.89%,562900,0
02/26/2020,27.23,27.34,26.67,26.71,-0.27,-1.00%,405000,0
02/25/2020,27.9,27.9,26.93,26.98,-0.95,-3.40%,527800,0
02/24/2020,27.91,28.11,27.71,27.93,-0.68,-2.38%,326500,0
02/21/2020,28.86,28.86,28.435,28.61,-0.34,-1.17%,293900,0
02/20/2020,28.51,29.03,28.51,28.95,0.28,+0.98%,280300,0
02/19/2020,28.94,29.05,28.64,28.67,-0.11,-0.38%,302100,0
02/18/2020,29.02,29.16,28.59,28.78,-0.37,-1.27%,335200,0
02/14/2020,29.34,29.39,29.11,29.15,-0.22,-0.75%,184200,0
02/13/2020,28.91,29.46,28.91,29.37,0.32,+1.10%,255400,0
02/12/2020,29.42,29.42,28.92,29.05,-0.07,-0.24%,430100,0
02/11/2020,29.2,29.455,29.1,29.12,0.03,+0.10%,310500,0
02/10/2020,28.69,29.09,28.57,29.09,0.24,+0.83%,319700,0
02/07/2020,29.05,29.24,28.8,28.85,-0.39,-1.33%,279600,0
02/06/2020,29.78,29.78,29.21,29.24,-0.37,-1.25%,281200,0
02/05/2020,29.48,29.79,29.32,29.61,0.54,+1.86%,371000,0
02/04/2020,29.49,29.52,29.04,29.07,0.06,+0.21%,389600,0
02/03/2020,28.77,29.16,28.77,29.01,0.44,+1.54%,584800,0
01/31/2020,28.98,29.13,28.52,28.57,-0.71,-2.42%,471100,0
01/30/2020,28.84,29.28,28.6,29.28,0.44,+1.53%,417500,0
01/29/2020,29.3,29.43,28.82,28.84,-0.43,-1.47%,385600,0
01/28/2020,29.5,29.55,29.26,29.27,-0.21,-0.71%,384900,0
01/27/2020,29.44,29.85,29.17,29.48,-0.5,-1.67%,389500,0
01/24/2020,30.64,30.64,29.72,29.98,-0.78,-2.54%,435500,0
01/23/2020,30.91,31.12,29.96,30.76,0.51,+1.69%,601200,0
01/22/2020,30.39,30.46,30.05,30.25,-0.06,-0.20%,376300,0
01/21/2020,30.61,30.74,30.27,30.31,-0.51,-1.65%,386000,0
01/17/2020,31.12,31.15,30.78,30.82,-0.02,-0.06%,322500,0
01/16/2020,30.73,30.9,30.56,30.84,0.38,+1.25%,357500,0
01/15/2020,30.5,30.695,30.28,30.46,-0.29,-0.94%,349400,0
01/14/2020,30.85,31,30.69,30.75,-0.14,-0.45%,339800,0
01/13/2020,30.53,30.9,30.32,30.89,0.37,+1.21%,344300,0
01/10/2020,30.73,30.73,30.44,30.52,-0.24,-0.78%,372700,0
01/09/2020,30.96,31.02,30.73,30.76,-0.06,-0.19%,295700,0
01/08/2020,30.65,30.96,30.34,30.82,0.07,+0.23%,225700,0
01/07/2020,30.91,31.12,30.66,30.75,-0.34,-1.09%,214800,0
01/06/2020,30.85,31.165,30.7,31.09,-0.13,-0.42%,436300,0
01/03/2020,31.09,31.375,30.88,31.22,-0.33,-1.05%,452400,0
01/02/2020,31.61,31.61,31.05,31.55,0.14,+0.45%,493800,0
12/31/2019,31.48,31.76,31.31,31.41,-0.13,-0.41%,311700,0
12/30/2019,31.7,31.873,31.525,31.54,-0.1,-0.32%,345300,0
12/27/2019,31.91,31.91,31.595,31.64,-0.27,-0.85%,261400,0
12/26/2019,32.07,32.12,31.86,31.91,0,0.00%,266300,0
12/24/2019,32.14,32.14,31.91,31.91,-0.18,-0.56%,140400,0
12/23/2019,32.59,32.59,32.03,32.09,-0.34,-1.05%,373400,0
12/20/2019,32.81,32.87,32.43,32.43,-0.15,-0.46%,2345700,0
12/19/2019,32.61,32.695,32.5,32.58,0.07,+0.22%,352800,0
12/18/2019,32.97,32.97,32.51,32.51,-0.29,-0.88%,568300,0
12/17/2019,32.58,32.9,32.54,32.8,0.25,+0.77%,502100,0
12/16/2019,32.5,32.87,32.1501,32.55,0.32,+0.99%,1075300,0
12/13/2019,32.31,32.5,31.86,32.23,-0.14,-0.43%,596000,0
12/12/2019,32,32.48,31.63,32.37,1,+3.19%,895400,0
12/11/2019,31.6,31.61,31.15,31.37,-0.15,-0.48%,306400,0
12/10/2019,31.32,31.575,31.27,31.52,0.1,+0.32%,233500,0
12/09/2019,31.28,31.55,31.28,31.42,0.06,+0.19%,318400,0
12/06/2019,31.44,31.84,31.35,31.36,0.01,+0.03%,495400,0
12/05/2019,31.41,31.44,31.17,31.35,0.13,+0.42%,218900,0
12/04/2019,30.94,31.34,30.83,31.22,0.51,+1.66%,352500,0
12/03/2019,30.6,30.73,30.33,30.71,-0.27,-0.87%,284300,0
12/02/2019,31.21,31.44,30.92,30.98,-0.12,-0.39%,331200,0
11/29/2019,31.39,31.44,31.06,31.1,-0.34,-1.08%,187500,0
11/27/2019,31.4,31.51,31.26,31.44,0.23,+0.74%,244900,0
11/26/2019,31.17,31.36,31.04,31.21,-0.06,-0.19%,315200,0
11/25/2019,31.1,31.43,31.07,31.27,0.21,+0.68%,388500,0
11/22/2019,31.12,31.18,30.9,31.06,0.13,+0.42%,154400,0
11/21/2019,31.17,31.17,30.71,30.93,-0.18,-0.58%,261300,0
11/20/2019,31.12,31.25,30.88,31.11,-0.13,-0.42%,509200,0
11/19/2019,31.22,31.32,31.05,31.24,0.17,+0.55%,317600,0
11/18/2019,31.15,31.4,30.89,31.07,-0.25,-0.80%,398700,0
11/15/2019,31.44,31.44,31.205,31.32,0.06,+0.19%,369000,0
11/14/2019,31.21,31.4,31.13,31.26,-0.08,-0.26%,282300,0
11/13/2019,31.21,31.43,31.07,31.34,-0.23,-0.73%,298300,0
11/12/2019,31.47,31.67,31.28,31.57,0.07,+0.22%,483000,0
11/11/2019,31.39,31.5,31.23,31.5,-0.03,-0.10%,346800,0
11/08/2019,31.64,31.71,31.345,31.53,-0.08,-0.25%,260600,0
11/07/2019,32,32.01,31.505,31.61,-0.08,-0.25%,736500,0
11/06/2019,31.77,31.81,31.48,31.69,-0.08,-0.25%,280600,0
11/05/2019,31.95,32.01,31.57,31.77,0,0.00%,906100,0
11/04/2019,31.58,31.85,31.51,31.77,0.39,+1.24%,429600,0
11/01/2019,30.97,31.38,30.78,31.38,0.71,+2.31%,648800,0
10/31/2019,30.8,30.88,30.35,30.67,-0.37,-1.19%,428600,0
10/30/2019,31.36,31.36,30.91,31.04,-0.32,-1.02%,437900,0
10/29/2019,30.75,31.4,30.6421,31.36,0.5,+1.62%,920300,0
10/28/2019,30.55,30.925,30.55,30.86,0.53,+1.75%,303100,0
10/25/2019,30.12,30.66,30.02,30.33,0.14,+0.46%,485300,0
10/24/2019,30.27,30.27,29.87,30.19,-0.01,-0.03%,418900,0
10/23/2019,30.31,30.395,29.89,30.2,-0.03,-0.10%,502100,0
10/22/2019,30.25,30.59,29.94,30.23,0.55,+1.85%,1511300,0
10/21/2019,29.62,30.13,29.5,29.68,0.22,+0.75%,874500,0
10/18/2019,29.19,29.505,29.18,29.46,0.04,+0.14%,310300,0
10/17/2019,29.56,29.56,29.22,29.42,0.05,+0.17%,260200,0
10/16/2019,29.41,29.65,29.1537,29.37,-0.1,-0.34%,223200,0
10/15/2019,29.32,29.66,29.15,29.47,0.24,+0.82%,356700,0
10/14/2019,29.23,29.325,29.04,29.23,-0.07,-0.24%,203900,0
10/11/2019,29.77,30,29.27,29.3,0.22,+0.76%,520200,0
10/10/2019,28.97,29.29,28.87,29.08,0.29,+1.01%,342000,0
10/09/2019,28.67,28.9,28.49,28.79,0.45,+1.59%,278500,0
10/08/2019,28.84,28.84,28.31,28.34,-0.66,-2.28%,296700,0
10/07/2019,28.92,29.24,28.77,29,-0.03,-0.10%,248500,0
10/04/2019,28.67,29.04,28.56,29.03,0.39,+1.36%,305300,0
10/03/2019,28.47,28.68,28.13,28.64,0,0.00%,280800,0
10/02/2019,28.73,28.95,28.35,28.64,-0.29,-1.00%,361900,0
10/01/2019,29.94,30.1,28.82,28.93,-0.68,-2.30%,605800,0
09/30/2019,29.99,30,29.6,29.61,-0.25,-0.84%,397200,0
09/27/2019,30.1,30.54,29.76,29.86,-0.05,-0.17%,328600,0
09/26/2019,29.85,30.09,29.75,29.91,-0.17,-0.57%,545600,0
09/25/2019,29.99,30.16,29.64,30.08,1.01,+3.47%,692400,0
09/24/2019,29.36,29.57,28.815,29.07,-0.3,-1.02%,453200,0
09/23/2019,29.17,29.555,28.97,29.37,-0.04,-0.14%,284700,0
09/20/2019,29.67,29.89,29.35,29.41,-0.18,-0.61%,1037400,0
09/19/2019,29.78,30.18,29.55,29.59,-0.21,-0.70%,295900,0
09/18/2019,29.37,29.91,29.35,29.8,0.17,+0.57%,304000,0
09/17/2019,29.73,29.73,29.35,29.63,-0.27,-0.90%,252000,0
09/16/2019,29.59,30.19,29.59,29.9,-0.05,-0.17%,307100,0
09/13/2019,30,30.18,29.75,29.95,0.35,+1.18%,563900,0
09/12/2019,29.29,29.83,29.1,29.6,-0.08,-0.27%,319400,0
09/11/2019,29.16,29.76,28.61,29.68,0.72,+2.49%,553100,0
09/10/2019,28.83,29.1,28.62,28.96,0.34,+1.19%,378000,0
09/09/2019,28.08,28.71,27.91,28.62,0.78,+2.80%,481500,0
09/06/2019,28.02,28.02,27.65,27.84,-0.02,-0.07%,243400,0
09/05/2019,27.72,28.36,27.57,27.86,0.67,+2.46%,439200,0
09/04/2019,27.4,27.53,26.99,27.19,0.05,+0.18%,227100,0
09/03/2019,27.4,27.45,26.84,27.14,-0.45,-1.63%,538900,0
08/30/2019,27.62,27.72,27.31,27.59,0.13,+0.47%,305500,0
08/29/2019,27.36,27.61,27.35,27.46,0.39,+1.44%,559100,0
08/28/2019,26.71,27.28,26.71,27.07,0.27,+1.01%,478500,0
08/27/2019,27.28,27.29,26.47,26.8,-0.24,-0.89%,537600,0
08/26/2019,26.9,27.08,26.61,27.04,0.4,+1.50%,379200,0
08/23/2019,27.35,27.53,26.5,26.64,-0.84,-3.06%,492300,0
08/22/2019,27.77,27.8,27.3,27.48,-0.09,-0.33%,175400,0
08/21/2019,27.69,27.69,27.35,27.57,0.1,+0.36%,218100,0
08/20/2019,27.79,27.79,27.38,27.47,-0.42,-1.51%,355000,0
08/19/2019,27.88,28.04,27.74,27.89,0.44,+1.60%,201500,0
08/16/2019,27.07,27.54,27.04,27.45,0.58,+2.16%,323100,0
08/15/2019,27.09,27.27,26.78,26.87,-0.07,-0.26%,446100,0
08/14/2019,27.07,27.31,26.62,26.94,-0.75,-2.71%,480200,0
08/13/2019,27.36,28.305,27.36,27.69,0.22,+0.80%,382000,0
08/12/2019,27.63,27.77,27.46,27.47,-0.56,-2.00%,146200,0
08/09/2019,28.15,28.34,27.83,28.03,-0.26,-0.92%,239400,0
08/08/2019,27.67,28.42,27.58,28.29,0.84,+3.06%,533400,0
08/07/2019,27.21,27.59,26.99,27.45,-0.31,-1.12%,363800,0
08/06/2019,27.71,27.86,27.1,27.76,0.23,+0.84%,349600,0
08/05/2019,27.89,27.89,27.12,27.53,-0.99,-3.47%,503900,0
08/02/2019,28.52,28.64,27.99,28.52,-0.18,-0.63%,462700,0
08/01/2019,29.81,30.12,28.61,28.7,-1.19,-3.98%,662800,0
07/31/2019,29.94,30.23,29.7,29.89,-0.01,-0.03%,646200,0
07/30/2019,29.28,29.93,29.2,29.9,0.44,+1.49%,307100,0
07/29/2019,29.71,29.86,29.35,29.46,-0.29,-0.97%,245600,0
07/26/2019,29.39,29.79,29.21,29.75,0.44,+1.50%,415200,0
07/25/2019,29.79,29.97,29.23,29.31,-0.45,-1.51%,489600,0
07/24/2019,28.98,29.84,28.98,29.76,0.68,+2.34%,513500,0
07/23/2019,29.04,29.27,28.88,29.08,0.08,+0.28%,320300,0
07/22/2019,29.01,29.06,28.68,29,-0.02,-0.07%,343300,0
07/19/2019,28.6,29.27,28.6,29.02,0.35,+1.22%,606400,0
07/18/2019,27.96,29.18,27.36,28.67,0.51,+1.81%,843300,0
07/17/2019,28.24,28.32,27.91,28.16,-0.32,-1.12%,533600,0
07/16/2019,28.21,28.58,28.03,28.48,0.2,+0.71%,385800,0
07/15/2019,29.21,29.21,28.18,28.28,-0.82,-2.82%,321200,0
07/12/2019,28.93,29.15,28.71,29.1,0.3,+1.04%,486800,0
07/11/2019,28.54,28.8,28.29,28.8,0.35,+1.23%,349900,0
07/10/2019,28.89,28.89,28.42,28.45,-0.38,-1.32%,291300,0
07/09/2019,28.57,28.86,28.42,28.83,0.02,+0.07%,317700,0
07/08/2019,28.92,29.03,28.69,28.81,-0.35,-1.20%,477400,0
07/05/2019,28.84,29.16,28.75,29.16,0.47,+1.64%,298500,0
07/03/2019,28.62,28.82,28.53,28.69,0.17,+0.60%,176200,0
07/02/2019,28.83,28.91,28.325,28.52,-0.35,-1.21%,284000,0
07/01/2019,29.34,29.41,28.71,28.87,-0.17,-0.59%,401600,0
06/28/2019,28.89,29.26,28.71,29.04,0.5,+1.75%,938100,0
06/27/2019,27.98,28.56,27.98,28.54,0.69,+2.48%,708100,0
06/26/2019,28,28.195,27.8,27.85,-0.01,-0.04%,457900,0
06/25/2019,27.61,27.965,27.28,27.86,0.3,+1.09%,541000,0
06/24/2019,27.94,28.16,27.55,27.56,-0.45,-1.61%,453300,0
06/21/2019,28.09,28.49,27.95,28.01,-0.24,-0.85%,982800,0
06/20/2019,28.4,28.4,27.94,28.25,-0.04,-0.14%,403100,0
06/19/2019,28.52,28.81,28.28,28.29,-0.15,-0.53%,408000,0
06/18/2019,27.77,28.55,27.715,28.44,0.74,+2.67%,373800,0
06/17/2019,28.31,28.32,27.6,27.7,-0.64,-2.26%,400700,0
06/14/2019,28.23,28.455,27.91,28.34,0.07,+0.25%,408100,0
06/13/2019,28.32,28.54,28.14,28.27,-0.05,-0.18%,357500,0
06/12/2019,28.35,28.55,28.17,28.32,-0.07,-0.25%,291700,0
06/11/2019,28.49,28.64,28.23,28.39,0.09,+0.32%,370100,0
06/10/2019,28.02,28.48,28.02,28.3,0.41,+1.47%,338100,0
06/07/2019,27.78,27.97,27.65,27.89,0,0.00%,273600,0
06/06/2019,27.97,28.15,27.52,27.89,-0.15,-0.53%,259400,0
06/05/2019,28.42,28.42,27.86,28.04,-0.48,-1.68%,300300,0
06/04/2019,27.91,28.55,27.91,28.52,0.93,+3.37%,398200,0
06/03/2019,27,27.88,27,27.59,0.51,+1.88%,636400,0
05/31/2019,27.27,27.32,26.92,27.08,-0.54,-1.96%,573600,0
05/30/2019,28.09,28.41,27.34,27.62,-0.5,-1.78%,450800,0
05/29/2019,27.75,28.225,27.43,28.12,0.08,+0.29%,394400,0
05/28/2019,28.54,28.54,28,28.04,-0.55,-1.92%,441700,0
05/24/2019,28.26,28.74,28.22,28.59,0.43,+1.53%,389200,0
05/23/2019,28.27,28.27,27.76,28.16,-0.38,-1.33%,505100,0
05/22/2019,28.75,28.85,28.47,28.54,-0.31,-1.07%,333900,0
05/21/2019,28.71,28.87,28.67,28.85,0.25,+0.87%,244400,0
05/20/2019,28.38,28.82,28.25,28.6,0.04,+0.14%,417000,0
05/17/2019,28.59,29.03,28.49,28.56,-0.29,-1.01%,322700,0
05/16/2019,28.81,29.26,28.74,28.85,0.14,+0.49%,464900,0
05/15/2019,28.79,28.89,28.35,28.71,-0.45,-1.54%,298800,0
05/14/2019,28.63,29.3,28.51,29.16,0.51,+1.78%,356900,0
05/13/2019,29.31,29.42,28.57,28.65,-1.28,-4.28%,488600,0
05/10/2019,29.72,29.96,29.27,29.93,0.14,+0.47%,265400,0
05/09/2019,29.56,29.88,29.32,29.79,-0.04,-0.13%,336200,0
05/08/2019,29.96,30.21,29.82,29.83,-0.34,-1.13%,267300,0
05/07/2019,30.43,30.58,29.96,30.17,-0.49,-1.60%,254300,0
05/06/2019,30.27,30.77,29.94,30.66,-0.09,-0.29%,474200,0
05/03/2019,30.58,30.96,30.51,30.75,0.34,+1.12%,412700,0
05/02/2019,30.16,30.575,30.09,30.41,0.28,+0.93%,277100,0
05/01/2019,30.53,30.755,29.98,30.13,-0.35,-1.15%,450400,0
04/30/2019,30.97,30.97,30.48,30.48,-0.41,-1.33%,543700,0
04/29/2019,30.51,31.1,30.5,30.89,0.44,+1.44%,303200,0
04/26/2019,29.94,30.48,29.85,30.45,0.53,+1.77%,247300,0
04/25/2019,29.87,30.11,29.5,29.92,-0.21,-0.70%,247300,0
04/24/2019,29.93,30.38,29.9,30.13,0.05,+0.17%,417300,0
04/23/2019,29.33,30.17,29.29,30.08,0.69,+2.35%,436100,0
04/22/2019,29.74,29.87,29.34,29.39,-0.44,-1.48%,352900,0
04/18/2019,30.1,30.85,29.78,29.83,-0.53,-1.75%,609200,0
04/17/2019,30.2,30.49,29.9401,30.36,0.18,+0.60%,505900,0
04/16/2019,29.63,30.23,29.41,30.18,0.7,+2.37%,447200,0
04/15/2019,30.11,30.22,29.37,29.48,-0.53,-1.77%,465300,0
04/12/2019,29.68,30.035,29.35,30.01,0.65,+2.21%,730100,0
04/11/2019,29.45,29.71,29.21,29.36,0.08,+0.27%,483400,0
04/10/2019,29.14,29.345,28.85,29.28,0.11,+0.38%,670300,0
04/09/2019,29.45,29.52,29.02,29.17,-0.43,-1.45%,296000,0
04/08/2019,29.69,29.7763,29.49,29.6,-0.22,-0.74%,373500,0
04/05/2019,29.64,29.87,29.35,29.82,0.27,+0.91%,294300,0
04/04/2019,29.12,29.55,29.01,29.55,0.47,+1.62%,439900,0
04/03/2019,29.29,29.37,28.92,29.08,0.14,+0.48%,376300,0
04/02/2019,29.17,29.38,28.92,28.94,-0.29,-0.99%,775300,0
04/01/2019,28.51,29.3,28.4814,29.23,1.01,+3.58%,554600,0
03/29/2019,28.74,28.77,28.14,28.22,-0.24,-0.84%,516600,0
03/28/2019,28.14,28.48,27.87,28.46,0.43,+1.53%,492600,0
03/27/2019,28.02,28.18,27.66,28.03,-0.02,-0.07%,317300,0
03/26/2019,27.73,28.11,27.59,28.05,0.53,+1.93%,746200,0
03/25/2019,27.46,27.76,27.15,27.52,0.1,+0.36%,460200,0
03/22/2019,28.33,28.33,27.05,27.42,-1.22,-4.26%,860000,0
03/21/2019,28.39,29.01,28.27,28.64,-0.04,-0.14%,723800,0
03/20/2019,29.38,29.72,28.65,28.68,-0.65,-2.22%,873900,0
03/19/2019,30.4,30.4,29.3,29.33,-0.91,-3.01%,524300,0
03/18/2019,29.95,30.5,29.95,30.24,0.38,+1.27%,497400,0
03/15/2019,29.93,30.335,29.78,29.86,0.07,+0.23%,1260400,0
03/14/2019,29.82,29.94,29.69,29.79,-0.14,-0.47%,360000,0
03/13/2019,29.98,30.12,29.8,29.93,0.12,+0.40%,683100,0
03/12/2019,30.05,30.15,29.66,29.81,-0.22,-0.73%,313000,0
03/11/2019,29.96,30.13,29.81,30.03,0.15,+0.50%,454000,0
03/08/2019,29.66,29.98,29.53,29.88,0.13,+0.44%,576900,0
03/07/2019,30.45,30.49,29.69,29.75,-0.9,-2.94%,816600,0
03/06/2019,31.69,32.06,30.42,30.65,-1.26,-3.95%,1225000,0
03/05/2019,32.09,32.25,31.67,31.91,-0.21,-0.65%,460200,0
03/04/2019,32.51,32.58,31.76,32.12,-0.38,-1.17%,754800,0
03/01/2019,32.83,32.93,32.2,32.5,-0.09,-0.28%,756300,0
02/28/2019,32.74,32.89,32.56,32.59,-0.17,-0.52%,482500,0
02/27/2019,32.56,32.83,32.36,32.76,0.21,+0.65%,394000,0
02/26/2019,32.99,33.04,32.54,32.55,-0.49,-1.48%,581900,0
02/25/2019,33.34,33.45,33.02,33.04,-0.09,-0.27%,614900,0
02/22/2019,33.22,33.27,32.97,33.13,-0.04,-0.12%,510600,0
02/21/2019,33.15,33.23,32.96,33.17,0,0.00%,604900,0
02/20/2019,32.6,33.18,32.41,33.17,0.51,+1.56%,663000,0
02/19/2019,31.79,32.81,31.57,32.66,0.64,+2.00%,886800,0
02/15/2019,31.27,32.2,31.24,32.02,0.79,+2.53%,1001100,0
02/14/2019,31.16,31.44,30.93,31.23,-0.2,-0.64%,689700,0
02/13/2019,31.13,31.56,31.05,31.43,0.43,+1.39%,582200,0
02/12/2019,30.85,31.21,30.81,31,0.25,+0.81%,459000,0
02/11/2019,30.35,30.79,30.25,30.75,0.39,+1.28%,635500,0
02/08/2019,30.19,30.46,30.03,30.36,0.04,+0.13%,1226000,0
02/07/2019,29.88,30.345,29.7,30.32,0.7,+2.36%,815000,0
02/06/2019,29.4,29.66,29.29,29.62,0.15,+0.51%,298700,0
02/05/2019,29.66,29.73,29.32,29.47,-0.22,-0.74%,341800,0
02/04/2019,29.35,29.7,29.25,29.69,0.32,+1.09%,301200,0
02/01/2019,29.24,29.48,29.21,29.37,0.19,+0.65%,357500,0
01/31/2019,29.16,29.22,28.62,29.18,-0.11,-0.38%,685600,0
01/30/2019,29.25,29.61,28.94,29.29,0.1,+0.34%,585500,0
01/29/2019,29.38,29.56,29.17,29.19,-0.08,-0.27%,246400,0
01/28/2019,28.85,29.28,28.79,29.27,0.26,+0.90%,348800,0
01/25/2019,29,29.21,28.75,29.01,0.28,+0.97%,403500,0
01/24/2019,28.1,29.02,28.1,28.73,0.19,+0.67%,417900,0
01/23/2019,28.71,28.81,28.33,28.54,-0.16,-0.56%,467100,0
01/22/2019,28.8,29.1,28.47,28.7,-0.33,-1.14%,373200,0
01/18/2019,28.73,29.14,28.35,29.03,0.5,+1.75%,428500,0
01/17/2019,28.22,28.63,28.18,28.53,0.11,+0.39%,478900,0
01/16/2019,28,28.46,27.86,28.42,0.61,+2.19%,623700,0
01/15/2019,27.5,27.89,27.22,27.81,0.14,+0.51%,392500,0
01/14/2019,27.49,27.85,27.48,27.67,0.02,+0.07%,562500,0
01/11/2019,27.26,27.75,27.22,27.65,0.13,+0.47%,402600,0
01/10/2019,27.41,27.64,27.13,27.52,-0.03,-0.11%,317100,0
01/09/2019,27.56,27.63,27.21,27.55,0.08,+0.29%,406100,0
01/08/2019,27.43,27.67,27.04,27.47,0.11,+0.40%,632700,0
01/07/2019,27.03,27.63,26.88,27.36,0.2,+0.74%,595300,0
01/04/2019,27.07,27.47,26.88,27.16,0.66,+2.49%,568800,0
01/03/2019,26.55,26.93,26.25,26.5,-0.11,-0.41%,522600,0
01/02/2019,25.76,26.65,25.76,26.61,0.47,+1.80%,1146800,0
12/31/2018,26.08,26.34,25.61,26.14,0.2,+0.77%,574100,0
12/28/2018,25.74,26.285,25.58,25.94,0.18,+0.70%,517400,0
12/27/2018,25.25,25.76,24.89,25.76,0,0.00%,593000,0
12/26/2018,24.69,25.79,24.305,25.76,1.21,+4.93%,577500,0
12/24/2018,25.04,25.24,24.51,24.55,-0.66,-2.62%,567500,0
12/21/2018,25.59,26.13,25.14,25.21,-0.42,-1.64%,1519200,0
12/20/2018,25.55,25.91,25.35,25.63,-0.07,-0.27%,1375600,0
12/19/2018,26.61,26.83,25.56,25.7,-0.91,-3.42%,835500,0
12/18/2018,27.12,27.48,26.51,26.61,-0.39,-1.44%,726500,0
12/17/2018,27.36,27.91,26.9,27,-0.48,-1.75%,1181000,0
12/14/2018,27.86,28.36,27.44,27.48,-0.59,-2.10%,1073500,0
12/13/2018,28.79,28.82,28.04,28.07,-0.83,-2.87%,646700,0
12/12/2018,28.67,29.24,28.23,28.9,0.67,+2.37%,749300,0
12/11/2018,28.68,28.99,28.06,28.23,-0.19,-0.67%,617100,0
12/10/2018,29.06,29.21,28.14,28.42,-0.7,-2.40%,963300,0
12/07/2018,29.31,29.8,28.91,29.12,-0.23,-0.78%,840500,0
12/06/2018,28.89,29.4,28.47,29.35,0.18,+0.62%,1138400,0
12/04/2018,30.5,30.5,28.92,29.17,-1.45,-4.74%,742300,0
12/03/2018,31.25,31.49,30.32,30.62,-0.17,-0.55%,552800,0
11/30/2018,29.92,30.88,29.92,30.79,0.76,+2.53%,825400,0
11/29/2018,29.98,30.26,29.66,30.03,-0.21,-0.69%,483200,0
11/28/2018,30,30.27,29.46,30.24,0.29,+0.97%,589100,0
11/27/2018,30.1,30.28,29.795,29.95,-0.3,-0.99%,484200,0
11/26/2018,29.95,30.45,29.83,30.25,0.68,+2.30%,497300,0
11/23/2018,29.44,29.85,29.23,29.57,0.02,+0.07%,195800,0
11/21/2018,29.5,30.09,29.17,29.55,0.14,+0.48%,377000,0
11/20/2018,29.4,29.9,29.25,29.41,-0.24,-0.81%,518500,0
11/19/2018,29.48,30.02,29.395,29.65,0.3,+1.02%,559600,0
11/16/2018,28.91,29.455,28.78,29.35,-0.04,-0.14%,587100,0
11/15/2018,28.43,29.44,28.26,29.39,0.8,+2.80%,631200,0
11/14/2018,29.28,29.38,28.16,28.59,-0.32,-1.11%,611400,0
11/13/2018,28.84,29.4,28.84,28.91,0.13,+0.45%,384500,0
11/12/2018,28.93,29.19,28.72,28.78,-0.13,-0.45%,521200,0
11/09/2018,29.14,29.31,28.72,28.91,-0.29,-0.99%,402200,0
11/08/2018,29,29.4,28.99,29.2,0.15,+0.52%,486700,0
11/07/2018,29.27,29.39,28.52,29.05,-0.14,-0.48%,635100,0
11/06/2018,28.86,29.275,28.72,29.19,0.23,+0.79%,471600,0
11/05/2018,29.03,29.35,28.75,28.96,-0.16,-0.55%,586600,0
11/02/2018,29.54,29.81,28.99,29.12,-0.18,-0.61%,860200,0
11/01/2018,28.98,29.38,28.72,29.3,0.6,+2.09%,755400,0
10/31/2018,29.27,29.4,28.68,28.7,-0.23,-0.80%,832900,0
10/30/2018,28.84,29.04,28.41,28.93,0.19,+0.66%,995600,0
10/29/2018,28.43,29.1,28.24,28.74,0.72,+2.57%,1135900,0
10/26/2018,27.74,28.21,27.44,28.02,-0.01,-0.04%,990100,0
10/25/2018,27.2,28.29,26.93,28.03,1.08,+4.01%,1048400,0
10/24/2018,27.74,27.76,26.91,26.95,-0.84,-3.02%,1263100,0
10/23/2018,27.19,28.05,27.16,27.79,0.05,+0.18%,1515500,0
10/22/2018,28.43,28.52,27.68,27.74,-0.73,-2.56%,1200600,0
10/19/2018,28.88,29.03,28.44,28.47,-0.75,-2.57%,1093900,0
10/18/2018,30.3,30.5,29.15,29.22,-1.63,-5.28%,1215900,0
10/17/2018,30.5,30.96,29.99,30.85,0.28,+0.92%,1178100,0
10/16/2018,30.65,30.66,30.11,30.57,0.03,+0.10%,943400,0
10/15/2018,30.16,30.79,30.09,30.54,0.37,+1.23%,738400,0
10/12/2018,31.21,31.33,29.36,30.17,-0.68,-2.20%,1162100,0
10/11/2018,31.78,31.88,30.83,30.85,-1.13,-3.53%,1026800,0
10/10/2018,32.64,32.89,31.96,31.98,-0.61,-1.87%,819500,0
10/09/2018,32.54,32.71,32.36,32.59,-0.01,-0.03%,532200,0
10/08/2018,32.38,32.75,32.09,32.6,-0.06,-0.18%,734100,0
10/05/2018,32.99,32.99,32.35,32.66,-0.15,-0.46%,693400,0
10/04/2018,33.05,33.5,32.59,32.81,-0.32,-0.97%,700200,0
10/03/2018,32.58,33.2,32.32,33.13,0.76,+2.35%,697300,0
10/02/2018,32.56,32.83,32.23,32.37,-0.3,-0.92%,698700,0
10/01/2018,32.9,32.9,32.44,32.67,-0.03,-0.09%,629900,0
09/28/2018,32.7,33.05,32.63,32.7,-0.1,-0.30%,564500,0
09/27/2018,33.05,33.225,32.75,32.8,-0.2,-0.61%,470500,0
09/26/2018,33.7,33.75,32.95,33,-0.6,-1.79%,470400,0
09/25/2018,33.65,33.75,33.425,33.6,0.1,+0.30%,364000,0
09/24/2018,34,34.1,33.325,33.5,-0.6,-1.76%,591800,0
09/21/2018,34.6,34.75,34.1,34.1,-0.5,-1.45%,1840700,0
09/20/2018,34.5,34.8,34.4,34.6,0.3,+0.87%,444700,0
09/19/2018,33.7,34.375,33.7,34.3,0.55,+1.63%,433400,0
09/18/2018,34,34,33.55,33.75,-0.1,-0.30%,431900,0
09/17/2018,34.15,34.25,33.75,33.85,-0.3,-0.88%,375300,0
09/14/2018,33.85,34.35,33.75,34.15,0.4,+1.19%,461200,0
09/13/2018,34.25,34.3,33.55,33.75,-0.6,-1.75%,438000,0
09/12/2018,34.85,34.95,34.15,34.35,-0.5,-1.43%,406900,0
09/11/2018,34.75,35.125,34.65,34.85,0.1,+0.29%,425100,0
09/10/2018,34.9,34.9,34.55,34.75,0.1,+0.29%,683700,0
09/07/2018,34.7,34.8,34.35,34.65,0,0.00%,469900,0
09/06/2018,35.1,35.2,34.6,34.65,-0.45,-1.28%,479300,0
09/05/2018,34.95,35.325,34.95,35.1,0.1,+0.29%,431300,0
09/04/2018,34.85,35.25,34.6,35,0.2,+0.57%,456100,0
08/31/2018,34.55,34.9,34.45,34.8,0.15,+0.43%,483300,0
08/30/2018,34.45,34.925,34.35,34.65,0.1,+0.29%,453800,0
08/29/2018,34.4,34.6,33.975,34.55,0.2,+0.58%,369700,0
08/28/2018,34.55,34.6,34.1,34.35,-0.1,-0.29%,587800,0
08/27/2018,34.6,34.85,34.3,34.45,-0.05,-0.14%,496200,0
08/24/2018,34.45,34.7,34.4,34.5,0.05,+0.15%,572800,0
08/23/2018,34.8,34.8,34.275,34.45,-0.3,-0.86%,595000,0
08/22/2018,35,35.1,34.5,34.75,-0.3,-0.86%,809000,0
08/21/2018,34.7,35.4,34.4,35.05,0.45,+1.30%,882600,0
08/20/2018,34.55,34.775,34.25,34.6,0.05,+0.14%,692600,0
08/17/2018,34.25,34.65,34.2,34.55,0.2,+0.58%,697300,0
08/16/2018,34,34.7,34,34.35,0.55,+1.63%,377300,0
08/15/2018,34.25,34.55,33.75,33.8,-0.55,-1.60%,590200,0
08/14/2018,34,34.8,34,34.35,0.5,+1.48%,479100,0
08/13/2018,34.1,34.4,33.775,33.85,-0.3,-0.88%,589500,0
08/10/2018,33.7,34.5,33.7,34.15,0.15,+0.44%,572400,0
08/09/2018,33.95,34.2,33.9,34,0,0.00%,438100,0
08/08/2018,33.7,34.1,33.65,34,0.25,+0.74%,538200,0
08/07/2018,33.4,33.9,33.35,33.75,0.45,+1.35%,454700,0
08/06/2018,33.25,33.425,32.95,33.3,0.1,+0.30%,178300,0
08/03/2018,33.55,33.8,33.1,33.2,-0.4,-1.19%,305600,0
08/02/2018,32.95,33.725,32.85,33.6,0.45,+1.36%,345900,0
08/01/2018,33,33.3,32.775,33.15,0.25,+0.76%,252700,0
07/31/2018,33.05,33.05,32.45,32.9,-0.05,-0.15%,431800,0
07/30/2018,33.15,33.45,32.9,32.95,-0.3,-0.90%,308000,0
07/27/2018,33.45,33.65,33.05,33.25,-0.2,-0.60%,355400,0
07/26/2018,33.35,33.775,33.35,33.45,0.3,+0.90%,421000,0
07/25/2018,33.65,33.65,33,33.15,-0.55,-1.63%,815800,0
07/24/2018,34.35,34.35,33.3,33.7,-0.65,-1.89%,744300,0
07/23/2018,33.75,34.375,33.65,34.35,0.45,+1.33%,675600,0
07/20/2018,34.1,34.15,33.1,33.9,-0.2,-0.59%,945400,0
07/19/2018,34.2,34.2,33.35,34.1,0.05,+0.15%,1118000,0
07/18/2018,33.6,34.35,33.6,34.05,0.45,+1.34%,578700,0
07/17/2018,33.75,33.9,33.45,33.6,-0.2,-0.59%,347500,0
07/16/2018,33.55,33.85,33.47,33.8,0.45,+1.35%,365600,0
07/13/2018,33.55,34,33.3,33.35,-0.35,-1.04%,564400,0
07/12/2018,34.25,34.25,33.4,33.7,-0.2,-0.59%,478300,0
07/11/2018,33.8,34.05,33.7,33.9,-0.05,-0.15%,502000,0
07/10/2018,34.7,34.9,33.825,33.95,-0.8,-2.30%,541500,0
07/09/2018,34.1,35.05,34,34.75,0.9,+2.66%,618300,0
07/06/2018,33.55,34,33.3,33.85,0.25,+0.74%,363700,0
07/05/2018,33.45,33.65,33.1,33.6,0.5,+1.51%,394700,0
07/03/2018,33.65,33.65,33.05,33.1,-0.4,-1.19%,405500,0
07/02/2018,32.75,33.5,32.75,33.5,0.55,+1.67%,574600,0
06/29/2018,33.75,34.05,32.95,32.95,-0.65,-1.93%,649000,0
06/28/2018,33.2,33.6,33.1,33.6,0.45,+1.36%,755600,0
06/27/2018,33.55,33.8,33.075,33.15,-0.5,-1.49%,844300,0
06/26/2018,33.75,33.75,33.3,33.65,-0.05,-0.15%,988500,0
06/25/2018,34.05,34.1,33.5,33.7,-0.55,-1.61%,698900,0
06/22/2018,34.85,35,34.15,34.25,-0.4,-1.15%,1891700,0
06/21/2018,34.75,35.2,34.475,34.65,-0.2,-0.57%,817000,0
06/20/2018,35.1,35.1,34.75,34.85,0,0.00%,762200,0
06/19/2018,34,34.85,33.9,34.85,0.6,+1.75%,646000,0
06/18/2018,33.8,34.4,33.6,34.25,0.25,+0.74%,469100,0
06/15/2018,33.8,34.275,33.5,34,0,0.00%,1699700,0
06/14/2018,34.35,34.35,33.4,34,-0.3,-0.87%,794800,0
06/13/2018,34.4,34.725,34.05,34.3,-0.1,-0.29%,495500,0
06/12/2018,34.7,34.8,34.2,34.4,-0.15,-0.43%,459600,0
06/11/2018,35.05,35.2,34.3,34.55,-0.5,-1.43%,571100,0
06/08/2018,35.15,35.3,34.9,35.05,-0.05,-0.14%,558400,0
06/07/2018,35.2,35.45,34.9,35.1,-0.05,-0.14%,481900,0
06/06/2018,34.5,35.15,34.4,35.15,0.75,+2.18%,819800,0
06/05/2018,34.3,34.6,34.15,34.4,-0.05,-0.15%,434100,0
06/04/2018,34.15,34.5,34.05,34.45,0.45,+1.32%,455900,0
06/01/2018,34.1,34.3,33.95,34,0.5,+1.49%,534100,0
05/31/2018,34.05,34.15,33.4,33.5,-0.6,-1.76%,687500,0
05/30/2018,34.05,34.45,33.85,34.1,0.4,+1.19%,916700,0
05/29/2018,33.75,34.15,33.35,33.7,-0.45,-1.32%,578500,0
05/25/2018,34.15,34.45,33.95,34.15,-0.25,-0.73%,410900,0
05/24/2018,34.25,34.45,33.65,34.4,0,0.00%,416800,0
05/23/2018,34.45,34.55,34.1,34.4,-0.15,-0.43%,666300,0
05/22/2018,34.65,34.85,34.5,34.55,-0.1,-0.29%,812800,0
05/21/2018,34.1,34.65,34.1,34.65,0.65,+1.91%,404400,0
05/18/2018,34.25,34.325,34,34,-0.2,-0.58%,366800,0
05/17/2018,34.25,34.45,34.1,34.2,0,0.00%,333200,0
05/16/2018,34.3,34.6,34.1,34.2,-0.1,-0.29%,478900,0
05/15/2018,34.05,34.5,33.975,34.3,0.25,+0.73%,606400,0
05/14/2018,34.35,34.35,33.925,34.05,-0.15,-0.44%,291900,0
05/11/2018,34,34.3,33.95,34.2,0.05,+0.15%,344000,0
05/10/2018,34,34.3,33.7,34.15,0.15,+0.44%,372800,0
05/09/2018,34,34.3,33.625,34,0.2,+0.59%,411200,0
05/08/2018,33.5,33.9,33.5,33.8,0.3,+0.90%,451200,0
05/07/2018,33.55,33.8,33.3,33.5,-0.05,-0.15%,409800,0
05/04/2018,33,33.9,32.65,33.55,0.5,+1.51%,691900,0
05/03/2018,33,33.375,32.55,33.05,-0.15,-0.45%,697300,0
05/02/2018,33.25,33.7,33,33.2,-0.2,-0.60%,522100,0
05/01/2018,33,33.5,32.55,33.4,0.35,+1.06%,484100,0
04/30/2018,33.6,33.775,33.05,33.05,-0.55,-1.64%,910500,0
04/27/2018,33.35,33.75,33.3,33.6,0.3,+0.90%,864200,0
04/26/2018,32.75,33.35,32.65,33.3,0.4,+1.22%,915400,0
04/25/2018,33,33.3,32.75,32.9,-0.15,-0.45%,515900,0
04/24/2018,33.65,33.85,32.9,33.05,-0.3,-0.90%,738800,0
04/23/2018,33.35,33.65,33.25,33.35,0.1,+0.30%,738700,0
04/20/2018,32.65,33.45,32.605,33.25,0.65,+1.99%,918600,0
04/19/2018,32.1,32.75,30.95,32.6,1.75,+5.67%,1466800,0
04/18/2018,31.15,31.35,30.8,30.85,-0.25,-0.80%,744900,0
04/17/2018,31.85,31.95,31,31.1,-0.65,-2.05%,457400,0
04/16/2018,31.7,32,31.5,31.75,0.25,+0.79%,447100,0
04/13/2018,32.15,32.2,31.45,31.5,-0.5,-1.56%,320300,0
04/12/2018,31.7,32.15,31.35,32,0.55,+1.75%,297300,0
04/11/2018,31.4,31.6,31.2,31.45,-0.25,-0.79%,408900,0
04/10/2018,31.5,31.775,31.25,31.7,0.55,+1.77%,357800,0
04/09/2018,31.45,31.85,31.05,31.15,-0.15,-0.48%,492800,0
04/06/2018,31.75,32,30.95,31.3,-0.85,-2.64%,577700,0
04/05/2018,32.05,32.2,31.65,32.15,0.3,+0.94%,341600,0
04/04/2018,31.05,31.9,31.02,31.85,0.3,+0.95%,520900,0
04/03/2018,31.2,31.725,31,31.55,0.45,+1.45%,813900,0
04/02/2018,31.6,31.9,30.6,31.1,-0.7,-2.20%,1091400,0
03/29/2018,31.9,32.05,31.65,31.8,0.15,+0.47%,714900,0
03/28/2018,31.35,31.85,31.05,31.65,0.3,+0.96%,802600,0
03/27/2018,32.05,32.3,31.25,31.35,-0.7,-2.18%,1357800,0
03/26/2018,31.45,32.1,31.25,32.05,1.05,+3.39%,639500,0
03/23/2018,31.8,31.9,30.9,31,-0.75,-2.36%,999200,0
03/22/2018,32.45,32.55,31.7,31.75,-1.05,-3.20%,772500,0
03/21/2018,32.75,33.15,32.55,32.8,0,0.00%,357400,0
03/20/2018,33.35,33.35,32.7,32.8,-0.35,-1.06%,486600,0
03/19/2018,33.45,33.55,32.7,33.15,-0.45,-1.34%,880000,0
03/16/2018,33.55,34.1,33.45,33.6,0.1,+0.30%,2562100,0
03/15/2018,33.2,33.575,33.05,33.5,0.4,+1.21%,760500,0
03/14/2018,33.6,33.8,32.95,33.1,-0.55,-1.63%,987000,0
03/13/2018,33.65,33.75,33.45,33.65,0.1,+0.30%,700500,0
03/12/2018,33.45,33.7,33.275,33.55,0.1,+0.30%,417700,0
03/09/2018,33.15,33.5,32.875,33.45,0.65,+1.98%,462900,0
03/08/2018,33.05,33.25,32.425,32.8,-0.2,-0.61%,502800,0
03/07/2018,32.6,33.35,32.6,33,0,0.00%,969000,0
03/06/2018,32.75,33.1,32.5,33,0.3,+0.92%,663400,0
03/05/2018,32.05,32.9,31.85,32.7,0.35,+1.08%,490700,0
03/02/2018,31.4,32.45,31.1,32.35,0.75,+2.37%,431800,0
03/01/2018,31.45,31.85,31.25,31.6,0.1,+0.32%,749300,0
02/28/2018,32.15,32.35,31.45,31.5,-0.45,-1.41%,589100,0
02/27/2018,32.6,32.9,31.95,31.95,-0.65,-1.99%,574300,0
02/26/2018,32.35,32.6,31.95,32.6,0.3,+0.93%,233000,0
02/23/2018,31.9,32.375,31.9,32.3,0.45,+1.41%,704200,0
02/22/2018,32.7,32.725,31.75,31.85,-0.65,-2.00%,1015600,0
02/21/2018,32.55,33.05,32.35,32.5,-0.05,-0.15%,949900,0
02/20/2018,32.3,32.8,32.3,32.55,0.1,+0.31%,659600,0
02/16/2018,32.5,32.8,32.35,32.45,-0.25,-0.76%,1303500,0
02/15/2018,32.85,33.2,32,32.7,0,0.00%,1144800,0
02/14/2018,31.8,32.9,31.8,32.7,0.7,+2.19%,824800,0
02/13/2018,31.85,32.1,31.6,32,-0.1,-0.31%,710600,0
02/12/2018,31.8,32.3,31.425,32.1,0.4,+1.26%,850500,0
02/09/2018,31.4,32,30.9,31.7,0.7,+2.26%,1006800,0
02/08/2018,32.25,32.35,31,31,-1.2,-3.73%,814700,0
02/07/2018,32.2,32.55,31.95,32.2,-0.05,-0.16%,933200,0
02/06/2018,31.5,32.55,31.2,32.25,-0.05,-0.15%,992100,0
02/05/2018,33.4,33.9,32.2,32.3,-1.65,-4.86%,997600,0
02/02/2018,34,34.4,33.7,33.95,-0.25,-0.73%,589600,0
02/01/2018,33.4,34.2,33.2,34.2,0.65,+1.94%,536500,0
01/31/2018,33.65,33.925,33.45,33.55,-0.1,-0.30%,648600,0
01/30/2018,33.45,33.75,33.25,33.65,-0.1,-0.30%,887300,0
01/29/2018,34.6,34.725,33.7,33.75,-0.95,-2.74%,611600,0
01/26/2018,34.55,34.8,33.95,34.7,0.25,+0.73%,811600,0
01/25/2018,35.55,35.55,34.05,34.45,-0.75,-2.13%,1209100,0
01/24/2018,35.4,35.55,35,35.2,0.05,+0.14%,846500,0
01/23/2018,35.2,35.25,34.5,35.15,0,0.00%,579400,0
01/22/2018,35,35.15,34.7,35.15,0.1,+0.29%,484400,0
01/19/2018,34.35,35.1,34.25,35.05,0.5,+1.45%,577300,0
01/18/2018,34.7,34.8,34.2,34.55,-0.2,-0.58%,734800,0
01/17/2018,34.45,34.8,34,34.75,0.4,+1.16%,760000,0
01/16/2018,34.8,34.95,34.1,34.35,-0.2,-0.58%,903300,0
01/12/2018,34.15,34.55,34,34.55,0.55,+1.62%,756600,0
01/11/2018,33.65,34.15,33.5,34,0.45,+1.34%,726900,0
01/10/2018,33.05,33.8,32.975,33.55,0.55,+1.67%,556400,0
01/09/2018,32.45,33.05,32.35,33,0.6,+1.85%,536300,0
01/08/2018,32.1,32.4,31.75,32.4,0.35,+1.09%,515600,0
01/05/2018,31.6,32.075,31.4,32.05,0.7,+2.23%,642800,0
01/04/2018,31.75,32.1,31.35,31.35,-0.1,-0.32%,773400,0
01/03/2018,31.55,31.65,31.15,31.45,-0.15,-0.47%,565600,0
01/02/2018,31.7,31.8,31.325,31.6,0.15,+0.48%,471300,0
12/29/2017,32.3,32.3,31.45,31.45,-0.75,-2.33%,525600,0
12/28/2017,32.35,32.35,32.05,32.2,0.1,+0.31%,326300,0
12/27/2017,32.4,32.45,31.975,32.1,-0.25,-0.77%,482800,0
12/26/2017,32.75,32.9,32.2,32.35,-0.4,-1.22%,238900,0
12/22/2017,33,33,32.6,32.75,-0.25,-0.76%,256400,0
12/21/2017,32.95,33.2,32.75,33,0.3,+0.92%,383100,0
12/20/2017,33.15,33.2,32.35,32.7,-0.2,-0.61%,402200,0
12/19/2017,33.1,33.1,32.65,32.9,-0.1,-0.30%,474000,0
12/18/2017,32.7,33.25,32.55,33,0.3,+0.92%,427300,0
12/15/2017,31.95,33,31.75,32.7,0.85,+2.67%,2988000,0
12/14/2017,32.55,32.75,31.6,31.85,-0.7,-2.15%,612000,0
12/13/2017,32.8,33.1,32.425,32.55,-0.3,-0.91%,540800,0
12/12/2017,33.05,33.25,32.6,32.85,0.05,+0.15%,406600,0
12/11/2017,33.25,33.4,32.6,32.8,-0.45,-1.35%,458600,0
12/08/2017,33.6,33.6,33.15,33.25,-0.1,-0.30%,466000,0
12/07/2017,32.95,33.45,32.75,33.35,0.35,+1.06%,456500,0
12/06/2017,33,33.4,32.9,33,-0.15,-0.45%,373800,0
12/05/2017,34.2,34.2,33.125,33.15,-1.05,-3.07%,597900,0
12/04/2017,34.1,34.45,34,34.2,0.9,+2.70%,919000,0
12/01/2017,33.3,33.5,31.85,33.3,0.05,+0.15%,592200,0
11/30/2017,33.9,34.02,33.2,33.25,-0.4,-1.19%,471400,0
11/29/2017,32.95,34,32.8,33.65,1,+3.06%,579100,0
11/28/2017,31.45,32.675,31.25,32.65,1.3,+4.15%,696900,0
11/27/2017,31.3,31.65,31.3,31.35,0.05,+0.16%,282100,0
11/24/2017,31.8,31.8,31.175,31.3,-0.3,-0.95%,214000,0
11/22/2017,31.9,32.15,31.6,31.6,-0.35,-1.10%,438300,0
11/21/2017,31.9,32.025,31.6,31.95,0.2,+0.63%,504900,0
11/20/2017,31.35,31.75,31.2,31.75,0.5,+1.60%,327800,0
11/17/2017,30.8,31.35,30.7,31.25,0.15,+0.48%,333100,0
11/16/2017,31.4,31.45,31.05,31.1,-0.05,-0.16%,439700,0
11/15/2017,30.75,31.4,30.65,31.15,-0.1,-0.32%,569500,0
11/14/2017,30.95,31.35,30.9,31.25,0.05,+0.16%,351700,0
11/13/2017,30.4,31.25,30.25,31.2,0.6,+1.96%,525200,0
11/10/2017,30.85,31.1,30.6,30.6,-0.1,-0.33%,307400,0
11/09/2017,30.75,31.1,30.3,30.7,-0.4,-1.29%,487200,0
11/08/2017,30.9,31.1,30.525,31.1,-0.1,-0.32%,523700,0
11/07/2017,31.9,32.2,31.05,31.2,-0.8,-2.50%,562700,0
11/06/2017,32.15,32.5,32,32,-0.4,-1.23%,344500,0
11/03/2017,32.4,32.505,31.9,32.4,-0.15,-0.46%,630400,0
11/02/2017,32,32.55,31.75,32.55,0.65,+2.04%,970800,0
11/01/2017,32.1,32.3,31.35,31.9,0.3,+0.95%,770100,0
10/31/2017,31.25,31.8,31.2,31.6,0.3,+0.96%,732200,0
10/30/2017,31.95,32.05,31.1,31.3,-0.95,-2.95%,660500,0
10/27/2017,32.1,32.4,31.95,32.25,0,0.00%,505900,0
10/26/2017,32,32.475,32,32.25,0.25,+0.78%,386700,0
10/25/2017,32.25,32.35,31.55,32,-0.15,-0.47%,575600,0
10/24/2017,32.25,32.4,32.075,32.15,0.15,+0.47%,497800,0
10/23/2017,32.25,32.4,31.8,32,-0.35,-1.08%,475200,0
10/20/2017,32.35,32.7,32.1,32.35,0.5,+1.57%,734500,0
10/19/2017,32.1,32.275,31.05,31.85,0.35,+1.11%,709900,0
10/18/2017,31.75,32.05,31.475,31.5,-0.05,-0.16%,720500,0
10/17/2017,32.25,32.3,31.55,31.55,-0.5,-1.56%,607000,0
10/16/2017,31.6,32.15,31.6,32.05,0.6,+1.91%,533000,0
10/13/2017,31.65,31.975,31.25,31.45,-0.25,-0.79%,695100,0
10/12/2017,32.1,32.2,31.65,31.7,-0.4,-1.25%,502700,0
10/11/2017,32.25,32.425,31.85,32.1,-0.4,-1.23%,607900,0
10/10/2017,32.25,32.525,32.1,32.5,0.55,+1.72%,442600,0
10/09/2017,32.05,32.2,31.8,31.95,0,0.00%,224300,0
10/06/2017,32.2,32.4,31.69,31.95,-0.1,-0.31%,436000,0
10/05/2017,31.75,32.35,31.55,32.05,0.3,+0.94%,450800,0
10/04/2017,32.1,32.15,31.55,31.75,-0.4,-1.24%,428200,0
10/03/2017,32.5,32.5,31.7,32.15,-0.15,-0.46%,569800,0
10/02/2017,31.85,32.45,31.75,32.3,0.25,+0.78%,640800,0
09/29/2017,32.2,32.7,32.05,32.05,-0.25,-0.77%,629400,0
09/28/2017,32.05,32.35,31.5,32.3,0.3,+0.94%,748900,0
09/27/2017,31.25,32.3,31.15,32,1.05,+3.39%,798800,0
09/26/2017,30.85,31.1,30.65,30.95,0.2,+0.65%,475800,0
09/25/2017,30.55,31.05,30.4,30.75,0.05,+0.16%,487300,0
09/22/2017,30.35,30.8,30.25,30.7,0.2,+0.66%,344300,0
09/21/2017,30.55,30.9,30.4,30.5,-0.2,-0.65%,567100,0
09/20/2017,30.2,30.85,30.05,30.7,0.35,+1.15%,894500,0
09/19/2017,29.95,30.425,29.95,30.35,0.4,+1.34%,678100,0
09/18/2017,29.8,30.175,29.8,29.95,0.25,+0.84%,737100,0
09/15/2017,29.7,29.95,29.55,29.7,0,0.00%,2226100,0
09/14/2017,30.45,30.5,29.575,29.7,-0.7,-2.30%,967600,0
09/13/2017,30,30.6,29.85,30.4,0.35,+1.16%,1063800,0
09/12/2017,29.35,30.2,29.35,30.05,0.8,+2.74%,813100,0
09/11/2017,28.65,29.5,28.65,29.25,1.1,+3.91%,898600,0
09/08/2017,27.5,28.45,27.5,28.15,0.6,+2.18%,1054800,0
09/07/2017,28.25,28.25,27.2,27.55,-0.7,-2.48%,706800,0
09/06/2017,28.25,28.575,28.1,28.25,0.2,+0.71%,458800,0
09/05/2017,28.95,29.15,28,28.05,-1.1,-3.77%,550900,0
09/01/2017,29.1,29.4,28.95,29.15,0.1,+0.34%,226700,0
08/31/2017,29.15,29.3,28.925,29.05,0,0.00%,339700,0
08/30/2017,29.05,29.3,28.85,29.05,0.05,+0.17%,381900,0
08/29/2017,28.85,29.1,28.6,29,-0.3,-1.02%,451700,0
08/28/2017,29.5,29.6,28.95,29.3,-0.15,-0.51%,451000,0
08/25/2017,29.4,29.75,29.3,29.45,0.1,+0.34%,403400,0
08/24/2017,29.2,29.35,28.85,29.35,0.3,+1.03%,520600,0
08/23/2017,28.6,29.1,28.5,29.05,0.1,+0.35%,360900,0
08/22/2017,28.75,29,28.65,28.95,0.4,+1.40%,380600,0
08/21/2017,28.3,28.65,28.15,28.55,0.15,+0.53%,363700,0
08/18/2017,27.9,28.58,27.65,28.4,0.1,+0.35%,380300,0
08/17/2017,28.75,29.05,28.25,28.3,-0.65,-2.25%,540500,0
08/16/2017,29.1,29.3,28.825,28.95,-0.1,-0.34%,285800,0
08/15/2017,29.65,29.8,29.05,29.05,-0.4,-1.36%,251000,0
08/14/2017,28.95,29.45,28.75,29.45,0.9,+3.15%,319200,0
08/11/2017,28.65,29.15,28.4,28.55,-0.35,-1.21%,354600,0
08/10/2017,29.5,29.6,28.85,28.9,-0.85,-2.86%,552700,0
08/09/2017,29.65,29.85,29.4,29.75,-0.3,-1.00%,554700,0
08/08/2017,29.95,30.5,29.8,30.05,0.05,+0.17%,596800,0
08/07/2017,30.3,30.3,29.85,30,-0.3,-0.99%,343300,0
08/04/2017,30.15,30.425,30,30.3,0.45,+1.51%,312400,0
08/03/2017,30,30.15,29.7,29.85,-0.25,-0.83%,281500,0
08/02/2017,30.2,30.35,29.85,30.1,-0.15,-0.50%,253300,0
08/01/2017,30.25,30.25,29.9,30.25,0.2,+0.67%,294500,0
07/31/2017,30.05,30.33,29.85,30.05,0.1,+0.33%,314900,0
07/28/2017,30,30.1,29.6,29.95,-0.1,-0.33%,482400,0
07/27/2017,30.35,30.6,29.95,30.05,-0.2,-0.66%,543900,0
07/26/2017,31.25,31.25,30.2,30.25,-1,-3.20%,393600,0
07/25/2017,31.3,31.475,31.125,31.25,0.45,+1.46%,643000,0
07/24/2017,30.45,30.85,30.3,30.8,0.45,+1.48%,374700,0
07/21/2017,31,31.05,30.3,30.35,-0.45,-1.46%,421100,0
07/20/2017,30.8,30.95,30.05,30.8,0.55,+1.82%,483700,0
07/19/2017,30.3,30.5,30.05,30.25,0,0.00%,359500,0
07/18/2017,30,30.45,29.9,30.25,-0.05,-0.17%,283600,0
07/17/2017,30.45,30.5,30.15,30.3,-0.15,-0.49%,246200,0
07/14/2017,30.2,30.65,30.1,30.45,-0.2,-0.65%,407900,0
07/13/2017,30.8,30.8,30.425,30.65,-0.05,-0.16%,258600,0
07/12/2017,30.35,30.9,30.35,30.7,0.15,+0.49%,339500,0
07/11/2017,30.5,30.7,30.2,30.55,0.1,+0.33%,320100,0
07/10/2017,30.7,30.8,30.35,30.45,-0.3,-0.98%,292600,0
07/07/2017,30.7,30.95,30.4,30.75,0.15,+0.49%,287400,0
07/06/2017,31,31.05,30.5,30.6,-0.4,-1.29%,434000,0
07/05/2017,31.15,31.15,30.6,31,-0.15,-0.48%,407900,0
07/03/2017,30.65,31.45,30.65,31.15,0.65,+2.13%,278700,0
06/30/2017,30.9,30.9,30.3,30.5,-0.25,-0.81%,457400,0
06/29/2017,30.95,31.2,30.27,30.75,0.45,+1.49%,478700,0
06/28/2017,29.9,30.4,29.9,30.3,0.6,+2.02%,384400,0
06/27/2017,29.6,29.92,29.45,29.7,0.25,+0.85%,404600,0
06/26/2017,29.4,29.85,29.2,29.45,0.05,+0.17%,381200,0
06/23/2017,29.5,29.55,29.2,29.4,-0.1,-0.34%,533000,0
06/22/2017,29.65,29.75,29.2,29.5,-0.2,-0.67%,300000,0
06/21/2017,29.95,29.95,29.45,29.7,-0.15,-0.50%,654800,0
06/20/2017,30.2,30.2,29.7,29.85,-0.45,-1.49%,373100,0
06/19/2017,30.6,30.8,30.1,30.3,-0.05,-0.16%,416700,0
06/16/2017,30.25,30.35,29.95,30.35,-0.1,-0.33%,1260700,0
06/15/2017,30.2,30.7,30.05,30.45,0,0.00%,384800,0
06/14/2017,30.35,30.75,29.8,30.45,-0.3,-0.98%,799900,0
06/13/2017,31.2,31.4,30.52,30.75,-0.4,-1.28%,598100,0
06/12/2017,31.2,31.9,30.95,31.15,-0.05,-0.16%,586700,0
06/09/2017,30.35,31.7,30.15,31.2,1.1,+3.65%,805400,0
06/08/2017,28.95,30.6,28.75,30.1,1.15,+3.97%,821500,0
06/07/2017,28.8,29.27,28.75,28.95,0.1,+0.35%,483200,0
06/06/2017,28.75,29.05,28.55,28.85,-0.25,-0.86%,446900,0
06/05/2017,29.25,29.5,29.1,29.1,-0.1,-0.34%,505600,0
06/02/2017,29.1,29.75,29,29.2,-0.2,-0.68%,525700,0
06/01/2017,28.9,29.45,28.55,29.4,0.7,+2.44%,413000,0
05/31/2017,29,29,28.2,28.7,-0.3,-1.03%,378100,0
05/30/2017,29,29.15,28.58,29,-0.2,-0.68%,449200,0
05/26/2017,29.4,29.55,29.15,29.2,-0.3,-1.02%,270400,0
05/25/2017,29.55,29.9,29.25,29.5,-0.05,-0.17%,381200,0
05/24/2017,29.65,29.75,29.15,29.55,-0.1,-0.34%,363100,0
05/23/2017,29.4,29.85,29.1,29.65,0.3,+1.02%,349600,0
05/22/2017,29.25,29.4,28.9,29.35,0.25,+0.86%,346200,0
05/19/2017,29.05,29.55,29,29.1,0.05,+0.17%,604600,0
05/18/2017,28.75,29.38,28.55,29.05,0.3,+1.04%,763800,0
05/17/2017,28.95,29.25,28.4,28.75,-1.3,-4.33%,1000800,0
05/16/2017,29.9,30.05,29.5,30.05,0.2,+0.67%,474500,0
05/15/2017,29.55,29.95,29.55,29.85,0.3,+1.02%,509600,0
05/12/2017,29.05,29.55,28.98,29.55,0.1,+0.34%,832300,0
05/11/2017,29.85,29.85,29.1,29.45,-0.5,-1.67%,877500,0
05/10/2017,30.25,30.5,29.75,29.95,-0.45,-1.48%,880200,0
05/09/2017,30.7,30.95,30.1,30.4,-0.3,-0.98%,450100,0
05/08/2017,30.6,30.8,30.3,30.7,0.05,+0.16%,434300,0
05/05/2017,30.95,30.95,30.33,30.65,-0.2,-0.65%,353300,0
05/04/2017,31.1,31.48,30.75,30.85,0.05,+0.16%,322000,0
05/03/2017,30.2,30.92,30.1,30.8,0.3,+0.98%,462000,0
05/02/2017,30.8,30.8,30.2,30.5,-0.2,-0.65%,421100,0
05/01/2017,30.75,30.98,30.3,30.7,0.25,+0.82%,612600,0
04/28/2017,31.2,31.3,30.4,30.45,-0.75,-2.40%,393700,0
04/27/2017,31.65,31.75,31.05,31.2,-0.4,-1.27%,459800,0
04/26/2017,31.15,31.85,31.05,31.6,0.45,+1.44%,678700,0
04/25/2017,31.55,31.75,31.1,31.15,-0.1,-0.32%,512800,0
04/24/2017,31.6,31.8,31.1,31.25,0.65,+2.12%,736600,0
04/21/2017,30.5,31,30.3,30.6,-0.05,-0.16%,624200,0
04/20/2017,29.95,30.7,29.65,30.65,1.15,+3.90%,1242000,0
04/19/2017,29.9,30.2,29.45,29.5,-0.05,-0.17%,714400,0
04/18/2017,29.25,29.75,28.95,29.55,-0.05,-0.17%,533600,0
04/17/2017,29.05,29.7,28.8,29.6,0.65,+2.25%,610900,0
04/13/2017,29.5,29.75,28.9,28.95,-0.75,-2.53%,499500,0
04/12/2017,30.15,30.3,29.55,29.7,-0.5,-1.66%,447800,0
04/11/2017,29.55,30.25,29.4,30.2,0.45,+1.51%,613800,0
04/10/2017,30.1,30.35,29.5,29.75,-0.3,-1.00%,558200,0
04/07/2017,29.7,30.25,29.6,30.05,0,0.00%,538200,0
04/06/2017,29.7,30.17,29.45,30.05,0.3,+1.01%,587200,0
04/05/2017,30.6,30.75,29.65,29.75,-0.4,-1.33%,687400,0
04/04/2017,29.65,30.25,29.65,30.15,0.35,+1.17%,559900,0
04/03/2017,30.35,30.45,29.6,29.8,-0.45,-1.49%,854600,0
03/31/2017,30.6,30.75,30.2,30.25,-0.4,-1.31%,559900,0
03/30/2017,29.85,30.8,29.85,30.65,0.85,+2.85%,491200,0
03/29/2017,29.85,30,29.55,29.8,-0.1,-0.33%,436300,0
03/28/2017,29.15,30.08,29.1,29.9,0.6,+2.05%,530200,0
03/27/2017,28.45,29.45,28.25,29.3,-0.1,-0.34%,823800,0
03/24/2017,29.5,29.75,29.08,29.4,0,0.00%,631700,0
03/23/2017,29.1,30,28.95,29.4,0.3,+1.03%,742900,0
03/22/2017,28.55,29.29,28.1,29.1,0.35,+1.22%,911800,0
03/21/2017,31.5,31.6,28.7,28.75,-2.55,-8.15%,1802800,0
03/20/2017,31.7,31.8,31.25,31.3,-0.5,-1.57%,541100,0
03/17/2017,31.95,32,31.35,31.8,-0.05,-0.16%,1023000,0
03/16/2017,31.5,32,31.35,31.85,0.6,+1.92%,535500,0
03/15/2017,31.45,31.85,31.2,31.25,-0.05,-0.16%,633200,0
03/14/2017,31.05,31.4,30.75,31.3,-0.05,-0.16%,381800,0
03/13/2017,31.05,31.55,31,31.35,0.1,+0.32%,386700,0
03/10/2017,31.55,31.55,30.6,31.25,-0.11,-0.35%,628300,0
03/09/2017,31.15,31.55,31.15,31.36,0.26,+0.84%,550100,0
03/08/2017,31.95,31.95,31.1,31.1,-0.3,-0.96%,583100,0
03/07/2017,31.35,31.75,31.15,31.4,0.1,+0.32%,525800,0
03/06/2017,31.15,31.52,30.6,31.3,-0.2,-0.63%,305300,0
03/03/2017,31.3,31.65,31.3,31.5,0.2,+0.64%,531600,0
03/02/2017,32.35,32.35,31.25,31.3,-1,-3.10%,466400,0
03/01/2017,31.75,32.4,31.7,32.3,1.3,+4.19%,562100,0
02/28/2017,31.4,31.65,30.92,31,-0.6,-1.90%,416300,0
02/27/2017,31.35,31.63,31.25,31.6,0.2,+0.64%,310600,0
02/24/2017,31.1,31.5,31.05,31.4,-0.35,-1.10%,316700,0
02/23/2017,31.75,31.85,31.3,31.75,0,0.00%,414900,0
02/22/2017,31.45,31.85,31.3,31.75,0.15,+0.47%,263800,0
02/21/2017,31.5,31.75,31.25,31.6,0.2,+0.64%,503800,0
02/17/2017,31.45,31.45,31.1,31.4,-0.15,-0.48%,339700,0
02/16/2017,31.3,31.6,31.05,31.55,0.2,+0.64%,580000,0
02/15/2017,31.2,31.48,31.05,31.35,0.25,+0.80%,389200,0
02/14/2017,30.65,31.23,30.42,31.1,0.45,+1.47%,528400,0
02/13/2017,30.4,30.85,30.4,30.65,0.45,+1.49%,398400,0
02/10/2017,30,30.27,29.8,30.2,0.3,+1.00%,499100,0
02/09/2017,29.35,29.95,29.2,29.9,0.7,+2.40%,327800,0
02/08/2017,29.1,29.25,28.6,29.2,-0.2,-0.68%,423200,0
02/07/2017,29.7,29.75,29.15,29.4,-0.1,-0.34%,287900,0
02/06/2017,29.5,29.8,29.45,29.5,-0.3,-1.01%,277700,0
02/03/2017,29.8,29.85,29.3,29.8,0.75,+2.58%,548700,0
02/02/2017,29.3,29.5,28.8,29.05,-0.55,-1.86%,564600,0
02/01/2017,30.1,30.5,29.55,29.6,-0.1,-0.34%,515300,0
01/31/2017,29.5,29.9,29.4,29.7,0.1,+0.34%,483000,0
01/30/2017,29.65,29.85,29.1,29.6,-0.4,-1.33%,563400,0
01/27/2017,30.35,30.5,29.9,30,-0.6,-1.96%,432900,0
01/26/2017,29.9,30.9,29.35,30.6,-0.4,-1.29%,921500,0
01/25/2017,31.25,31.35,30.85,31,0.35,+1.14%,543700,0
01/24/2017,30.23,30.85,30,30.65,0.65,+2.17%,402400,0
01/23/2017,29.85,30.15,29.6,30,0.05,+0.17%,343100,0
01/20/2017,29.8,30.2,29.7,29.95,0.15,+0.50%,506400,0
01/19/2017,30.05,30.13,29.55,29.8,-0.25,-0.83%,521900,0
01/18/2017,30.05,30.05,29.6,30.05,0.2,+0.67%,545100,0
01/17/2017,30.4,30.5,29.7,29.85,-1.05,-3.40%,720700,0
01/13/2017,31.25,31.73,30.7,30.9,-0.05,-0.16%,662200,0
01/12/2017,31.4,31.45,30.4,30.95,-0.65,-2.06%,414800,0
01/11/2017,31.3,31.6,31,31.6,0.2,+0.64%,380200,0
01/10/2017,30.8,31.48,30.75,31.4,0.5,+1.62%,488100,0
01/09/2017,31.05,31.15,30.74,30.9,-0.55,-1.75%,429100,0
01/06/2017,31.8,32,31.4,31.45,-0.2,-0.63%,470400,0
01/05/2017,31.85,32.08,31.25,31.65,-0.3,-0.94%,833300,0
01/04/2017,31.2,32.05,31.2,31.95,0.8,+2.57%,741600,0
01/03/2017,31.65,32,30.9,31.15,0.1,+0.32%,580100,0
12/30/2016,31.15,31.4,31,31.05,-0.05,-0.16%,435200,0
12/29/2016,31.35,31.6,30.9,31.1,-0.2,-0.64%,400600,0
12/28/2016,31.75,31.75,31.15,31.3,-0.3,-0.95%,371600,0
12/27/2016,31.4,31.7,31.15,31.6,0.3,+0.96%,256100,0
12/23/2016,31.3,31.45,31.15,31.3,-0.05,-0.16%,295900,0
12/22/2016,31.05,31.45,30.9,31.35,0.3,+0.97%,637100,0
12/21/2016,31,31.15,30.5,31.05,0.5,+1.64%,532100,0
12/20/2016,30.3,30.55,30.1,30.55,0.6,+2.00%,346600,0
12/19/2016,29.8,30,29.35,29.95,0.2,+0.67%,515500,0
12/16/2016,30.05,30.35,29.6,29.75,-0.15,-0.50%,2662300,0
12/15/2016,29.45,30.1,29.29,29.9,0.8,+2.75%,740200,0
12/14/2016,29.1,29.75,29,29.1,-0.35,-1.19%,548600,0
12/13/2016,29.3,29.65,28.95,29.45,0.15,+0.51%,498900,0
12/12/2016,30.1,30.25,29.25,29.3,-0.95,-3.14%,543600,0
12/09/2016,30.25,30.32,29.8,30.25,0,0.00%,440500,0
12/08/2016,29.95,30.45,29.5,30.25,0.56,+1.89%,699300,0
12/07/2016,29.25,29.8,29.05,29.69,0.54,+1.85%,471500,0
12/06/2016,29.5,29.68,29.05,29.15,-0.15,-0.51%,758300,0
12/05/2016,28.9,29.35,28.8,29.3,0.8,+2.81%,641300,0
12/02/2016,29.4,29.4,28.5,28.5,-0.9,-3.06%,856400,0
12/01/2016,28.9,29.5,28.75,29.4,0.85,+2.98%,805800,0
11/30/2016,28.95,29.05,28.5,28.55,0.1,+0.35%,746700,0
11/29/2016,28.35,28.7,28.3,28.45,0.05,+0.18%,558700,0
11/28/2016,29.05,29.35,28.35,28.4,-1,-3.40%,415000,0
11/25/2016,29.15,29.4,29.07,29.4,0.15,+0.51%,246600,0
11/23/2016,29.4,29.45,28.9,29.25,0.05,+0.17%,668400,0
11/22/2016,29.1,29.2,28.83,29.2,0.3,+1.04%,589300,0
11/21/2016,28.95,29.1,28.6,28.9,0.15,+0.52%,418100,0
11/18/2016,28.85,29,28.65,28.75,-0.1,-0.35%,993700,0
11/17/2016,28.65,29.35,28.6,28.85,0.1,+0.35%,804500,0
11/16/2016,28.5,28.95,28.3,28.75,0.1,+0.35%,940400,0
11/15/2016,28.1,28.87,27.85,28.65,0.2,+0.70%,859700,0
11/14/2016,28,29,27.75,28.45,0.85,+3.08%,1122500,0
11/11/2016,26.55,27.7,26.35,27.6,1.05,+3.95%,1104000,0
11/10/2016,25.9,27,25.6,26.55,1.05,+4.12%,1261600,0
11/09/2016,24.3,25.55,24.15,25.5,1.7,+7.14%,916500,0
11/08/2016,23.85,24,23.65,23.8,-0.2,-0.83%,352600,0
11/07/2016,23.55,24.05,23.5,24,0.95,+4.12%,440100,0
11/04/2016,23.15,23.48,22.95,23.05,-0.1,-0.43%,381200,0
11/03/2016,23.1,23.3,22.95,23.15,0.2,+0.87%,325300,0
11/02/2016,23.15,23.2,22.85,22.95,-0.35,-1.50%,469400,0
11/01/2016,23.6,23.8,23.02,23.3,-0.2,-0.85%,519800,0
10/31/2016,23.55,23.7,23.3,23.5,0,0.00%,489100,0
10/28/2016,23.7,23.85,23.43,23.5,-0.25,-1.05%,526700,0
10/27/2016,23.95,24,23.65,23.75,0.05,+0.21%,738500,0
10/26/2016,23.6,23.95,23.55,23.7,0.05,+0.21%,591100,0
10/25/2016,24.05,24.15,23.65,23.65,-0.45,-1.87%,593300,0
10/24/2016,23.5,24.1,23.35,24.1,0.95,+4.10%,662400,0
10/21/2016,22.7,23.3,22.7,23.15,-0.3,-1.28%,653300,0
10/20/2016,23.65,23.8,23.3,23.45,-0.2,-0.85%,639500,0
10/19/2016,23.4,23.75,23.3,23.65,0.4,+1.72%,665500,0
10/18/2016,23.1,23.4,22.8,23.25,0.4,+1.75%,744100,0
10/17/2016,22.65,23.05,22.65,22.85,0.19,+0.84%,798700,0
10/14/2016,22.78,22.99,22.51,22.66,0.24,+1.07%,673000,0
10/13/2016,22.79,22.81,22.23,22.42,-0.64,-2.78%,797200,0
10/12/2016,23.13,23.27,23,23.06,-0.03,-0.13%,471700,0
10/11/2016,23.28,23.44,22.98,23.09,-0.21,-0.90%,481200,0
10/10/2016,23.45,23.62,23.25,23.3,0.06,+0.26%,520900,0
10/07/2016,23.08,23.3,22.89,23.24,0.05,+0.22%,547500,0
10/06/2016,23.1,23.25,22.92,23.19,-0.19,-0.81%,520000,0
10/05/2016,23.24,23.65,23.17,23.38,0.3,+1.30%,564100,0
10/04/2016,23.02,23.2,22.96,23.08,0.07,+0.30%,640300,0
10/03/2016,23,23.26,22.95,23.01,-0.19,-0.82%,719300,0
09/30/2016,23.17,23.47,23.05,23.2,0.2,+0.87%,1057200,0
09/29/2016,23.51,23.55,22.97,23,-0.42,-1.79%,736800,0
09/28/2016,23.38,23.44,23.18,23.42,0.18,+0.77%,605300,0
09/27/2016,23.04,23.28,22.99,23.24,0.08,+0.35%,545700,0
09/26/2016,23.55,23.56,23.15,23.16,-0.61,-2.57%,479400,0
09/23/2016,23.8,24.04,23.7,23.77,-0.13,-0.54%,798500,0
09/22/2016,23.83,23.96,23.75,23.9,0.21,+0.89%,656300,0
09/21/2016,23.78,23.98,23.55,23.69,0.1,+0.42%,468900,0
09/20/2016,23.77,23.9,23.59,23.59,0,0.00%,585400,0
09/19/2016,23.86,24,23.53,23.59,-0.08,-0.34%,1149000,0
09/16/2016,23.87,23.88,23.64,23.67,-0.33,-1.38%,943400,0
09/15/2016,23.86,24.05,23.76,24,0.2,+0.84%,323300,0
09/14/2016,24.02,24.14,23.77,23.8,-0.31,-1.29%,290400,0
09/13/2016,24.11,24.35,23.79,24.11,-0.39,-1.59%,565400,0
09/12/2016,24.35,24.52,24.05,24.5,-0.03,-0.12%,903900,0
09/09/2016,24.55,24.81,24.52,24.53,-0.06,-0.24%,681800,0
09/08/2016,24.71,24.82,24.5,24.59,-0.05,-0.20%,409300,0
09/07/2016,24.32,24.66,24.24,24.64,0.27,+1.11%,403700,0
09/06/2016,24.91,24.99,24.29,24.37,-0.54,-2.17%,476600,0
09/02/2016,24.76,24.93,24.48,24.91,0.24,+0.97%,325300,0
09/01/2016,25,25.08,24.48,24.67,-0.23,-0.92%,368900,0
08/31/2016,24.96,25.09,24.65,24.9,-0.02,-0.08%,407300,0
08/30/2016,24.75,24.97,24.69,24.92,0.25,+1.01%,288200,0
08/29/2016,24.41,24.74,24.4,24.67,0.25,+1.02%,410600,0
08/26/2016,24.34,24.58,24.22,24.42,0.13,+0.54%,505500,0
08/25/2016,24.09,24.3,24.03,24.29,0.19,+0.79%,377400,0
08/24/2016,24.06,24.23,24,24.1,0.05,+0.21%,238500,0
08/23/2016,24.05,24.19,24.01,24.05,0.06,+0.25%,243900,0
08/22/2016,23.72,24.01,23.69,23.99,0.24,+1.01%,451500,0
08/19/2016,23.8,23.88,23.69,23.75,-0.08,-0.34%,456800,0
08/18/2016,23.82,23.95,23.71,23.83,0,0.00%,459700,0
08/17/2016,23.57,23.96,23.57,23.83,0.18,+0.76%,556100,0
08/16/2016,23.28,23.78,23.15,23.65,0.21,+0.90%,696000,0
08/15/2016,23.69,23.99,22.46,23.44,-0.71,-2.94%,2193700,0
08/12/2016,24.08,24.2,23.94,24.15,-0.11,-0.45%,265300,0
08/11/2016,24.3,24.5,24.26,24.26,-0.04,-0.16%,388500,0
08/10/2016,24.56,24.61,24.29,24.3,-0.33,-1.34%,378200,0
08/09/2016,24.67,24.84,24.6,24.63,-0.03,-0.12%,367800,0
08/08/2016,24.89,25,24.55,24.66,-0.21,-0.84%,582600,0
08/05/2016,24.6,24.94,24.15,24.87,0.8,+3.32%,604300,0
08/04/2016,23.85,24.14,23.85,24.07,0.2,+0.84%,392500,0
08/03/2016,23.59,23.98,23.59,23.87,0.3,+1.27%,465200,0
08/02/2016,23.72,23.73,23.46,23.57,-0.1,-0.42%,300900,0
08/01/2016,23.81,23.95,23.63,23.67,-0.15,-0.63%,383700,0
07/29/2016,23.92,24.02,23.62,23.82,-0.12,-0.50%,587800,0
07/28/2016,23.8,24.02,23.67,23.94,0.08,+0.34%,403100,0
07/27/2016,23.82,24.11,23.79,23.86,0.02,+0.08%,341600,0
07/26/2016,23.58,23.85,23.53,23.84,0.19,+0.80%,366300,0
07/25/2016,23.63,23.84,23.57,23.65,-0.09,-0.38%,507100,0
07/22/2016,23.24,23.8,23.02,23.74,0.55,+2.37%,506200,0
07/21/2016,23.47,23.51,23.03,23.19,-0.47,-1.99%,601000,0
07/20/2016,23.92,23.92,23.55,23.66,-0.09,-0.38%,292100,0
07/19/2016,23.62,23.96,23.62,23.75,-0.04,-0.17%,234700,0
07/18/2016,23.96,24.09,23.78,23.79,-0.2,-0.83%,428600,0
07/15/2016,24.09,24.15,23.7,23.99,0.07,+0.29%,663600,0
07/14/2016,23.77,23.98,23.58,23.92,0.66,+2.84%,1047400,0
07/13/2016,23.12,23.27,22.97,23.26,0.07,+0.30%,598500,0
07/12/2016,22.93,23.26,22.89,23.19,0.6,+2.66%,663400,0
07/11/2016,22.51,22.68,22.35,22.59,0.3,+1.35%,325800,0
07/08/2016,22.11,22.48,22.04,22.29,0.58,+2.67%,654300,0
07/07/2016,21.61,22.07,21.49,21.71,0.17,+0.79%,682700,0
07/06/2016,21.19,21.64,20.98,21.54,0.12,+0.56%,525300,0
07/05/2016,21.93,21.97,21.28,21.42,-0.82,-3.69%,442400,0
07/01/2016,22.54,22.64,22.08,22.24,-0.45,-1.98%,642200,0
06/30/2016,23.11,23.21,22.38,22.69,1,+4.61%,1582900,0
06/29/2016,21.38,21.77,21.24,21.69,0.56,+2.65%,666200,0
06/28/2016,20.94,21.21,20.7,21.13,0.59,+2.87%,943200,0
06/27/2016,21.3,21.36,20.5,20.54,-1.1,-5.08%,1296700,0
06/24/2016,21.51,21.9,21.43,21.64,-1.2,-5.25%,2604700,0
06/23/2016,23.01,23.04,22.76,22.84,0.08,+0.35%,2003200,0
06/22/2016,22.26,22.76,22.16,22.76,0.55,+2.48%,2493300,0
06/21/2016,22.19,22.31,21.96,22.21,0.08,+0.36%,464600,0
06/20/2016,22.49,22.62,22.12,22.13,0.28,+1.28%,628100,0
06/17/2016,21.76,22.08,21.67,21.85,0.17,+0.78%,1541400,0
06/16/2016,21.7,21.77,21.35,21.68,-0.26,-1.19%,699300,0
06/15/2016,21.93,22.29,21.78,21.94,0.07,+0.32%,894500,0
06/14/2016,22.24,22.51,21.76,21.87,-0.51,-2.28%,716000,0
06/13/2016,22.65,22.76,22.3,22.38,-0.52,-2.27%,611300,0
06/10/2016,23.05,23.22,22.78,22.9,-0.43,-1.84%,638700,0
06/09/2016,23.51,23.51,23.11,23.33,-0.38,-1.60%,423500,0
06/08/2016,23.6,23.76,23.47,23.71,0.05,+0.21%,336600,0
06/07/2016,23.85,23.86,23.61,23.66,-0.19,-0.80%,271500,0
06/06/2016,23.46,23.97,23.46,23.85,0.4,+1.71%,377200,0
06/03/2016,23.6,23.6,22.84,23.45,-0.48,-2.01%,557800,0
06/02/2016,23.81,23.94,23.66,23.93,-0.01,-0.04%,292500,0
06/01/2016,23.68,23.97,23.51,23.94,0.05,+0.21%,409900,0
05/31/2016,24.05,24.05,23.78,23.89,-0.06,-0.25%,479600,0
05/27/2016,23.62,23.95,23.57,23.95,0.31,+1.31%,490800,0
05/26/2016,24.02,24.02,23.59,23.64,-0.38,-1.58%,459700,0
05/25/2016,24,24.18,23.88,24.02,0.13,+0.54%,887800,0
05/24/2016,23.46,23.94,23.29,23.89,0.62,+2.66%,605400,0
05/23/2016,23.29,23.47,23.04,23.27,-0.09,-0.39%,537500,0
05/20/2016,22.88,23.4,22.84,23.36,0.59,+2.59%,1122400,0
05/19/2016,23.01,23.36,22.5,22.77,-0.37,-1.60%,386900,0
05/18/2016,22.04,23.2,22.04,23.14,1.09,+4.94%,785300,0
05/17/2016,22.24,22.67,21.99,22.05,-0.26,-1.17%,763900,0
05/16/2016,21.98,22.44,21.98,22.31,0.43,+1.97%,925200,0
05/13/2016,22.27,22.62,21.74,21.88,-0.47,-2.10%,882800,0
05/12/2016,22.7,22.86,22.22,22.35,-0.21,-0.93%,623500,0
05/11/2016,22.74,22.86,22.54,22.56,-0.2,-0.88%,391000,0
05/10/2016,22.69,22.87,22.55,22.76,0.25,+1.11%,771300,0
05/09/2016,22.58,22.87,22.42,22.51,-0.17,-0.75%,627200,0
05/06/2016,22.32,22.69,22.13,22.68,0.22,+0.98%,603000,0
05/05/2016,22.76,22.83,22.44,22.46,-0.17,-0.75%,569100,0
05/04/2016,22.86,23.2,22.49,22.63,-0.45,-1.95%,565300,0
05/03/2016,23.15,23.27,22.78,23.08,-0.48,-2.04%,455700,0
05/02/2016,23.59,23.66,23.31,23.56,0.07,+0.30%,463400,0
04/29/2016,23.43,23.61,23.28,23.49,0.03,+0.13%,614800,0
04/28/2016,23.49,23.76,23.4,23.46,-0.28,-1.18%,412300,0
04/27/2016,23.77,23.94,23.49,23.74,-0.11,-0.46%,594600,0
04/26/2016,23.62,23.99,23.58,23.85,0.31,+1.32%,1058800,0
04/25/2016,23.7,23.7,23.37,23.54,-0.17,-0.72%,558400,0
04/22/2016,23.68,23.88,23.49,23.71,0.11,+0.47%,693800,0
04/21/2016,23.07,23.71,22.89,23.6,0.77,+3.37%,874500,0
04/20/2016,22.58,23.02,22.52,22.83,0.25,+1.11%,675100,0
04/19/2016,22.35,22.59,22.25,22.58,0.33,+1.48%,585900,0
04/18/2016,21.89,22.32,21.88,22.25,0.17,+0.77%,295000,0
04/15/2016,22.05,22.27,21.88,22.08,0,0.00%,465200,0
04/14/2016,21.94,22.39,21.75,22.08,0.11,+0.50%,511100,0
04/13/2016,21.22,21.97,21.18,21.97,1.01,+4.82%,674300,0
04/12/2016,20.78,21.13,20.67,20.96,0.27,+1.30%,872500,0
04/11/2016,20.66,21.07,20.61,20.69,0.18,+0.88%,414300,0
04/08/2016,20.57,20.94,20.39,20.51,0.17,+0.84%,304700,0
04/07/2016,20.79,20.8,20.19,20.34,-0.64,-3.05%,516300,0
04/06/2016,20.83,21.04,20.63,20.98,0.21,+1.01%,495400,0
04/05/2016,21.21,21.23,20.76,20.77,-0.6,-2.81%,497400,0
04/04/2016,21.42,21.54,21.22,21.37,-0.06,-0.28%,384600,0
04/01/2016,21.13,21.48,20.97,21.43,0.12,+0.56%,684700,0
03/31/2016,21.34,21.48,20.96,21.31,-0.09,-0.42%,950600,0
03/30/2016,21.12,21.6,21.11,21.4,0.34,+1.61%,645500,0
03/29/2016,20.77,21.08,20.44,21.06,0.2,+0.96%,650100,0
03/28/2016,20.93,21.04,20.73,20.86,0.01,+0.05%,275700,0
03/24/2016,20.71,20.86,20.47,20.85,-0.03,-0.14%,324200,0
03/23/2016,21.23,21.28,20.87,20.88,-0.42,-1.97%,446900,0
03/22/2016,21.18,21.37,21.01,21.3,-0.06,-0.28%,413000,0
03/21/2016,21.37,21.53,21.11,21.36,-0.01,-0.05%,451200,0
03/18/2016,21.08,21.55,21.06,21.37,0.44,+2.10%,1489000,0
03/17/2016,20.62,20.97,20.31,20.93,0.27,+1.31%,1086800,0
03/16/2016,20.73,21.05,20.59,20.66,-0.2,-0.96%,1018500,0
03/15/2016,21.18,21.18,20.8,20.86,-0.48,-2.25%,466400,0
03/14/2016,21.41,21.5,21.07,21.34,-0.14,-0.65%,411100,0
03/11/2016,21.09,21.53,21.02,21.48,0.46,+2.19%,473700,0
03/10/2016,21,21.12,20.49,21.02,0.14,+0.67%,630000,0
03/09/2016,21.05,21.21,20.75,20.88,-0.1,-0.48%,476500,0
03/08/2016,21.63,21.71,20.98,20.98,-0.85,-3.89%,735500,0
03/07/2016,21.72,21.91,21.58,21.83,-0.05,-0.23%,539200,0
03/04/2016,21.65,21.95,21.53,21.88,0.34,+1.58%,764800,0
03/03/2016,21.14,21.56,20.99,21.54,0.4,+1.89%,676700,0
03/02/2016,20.74,21.14,20.63,21.14,0.35,+1.68%,564800,0
03/01/2016,20.04,20.83,20.01,20.79,0.87,+4.37%,621100,0
02/29/2016,20.33,20.38,19.89,19.92,-0.43,-2.11%,594500,0
02/26/2016,20.1,20.46,19.98,20.35,0.49,+2.47%,487600,0
02/25/2016,19.59,19.92,19.52,19.86,0.26,+1.33%,694600,0
02/24/2016,19.51,19.67,19.2,19.6,-0.19,-0.96%,701900,0
02/23/2016,20.17,20.23,19.67,19.79,-0.43,-2.13%,794400,0
02/22/2016,20.18,20.34,20.07,20.22,0.3,+1.51%,828400,0
02/19/2016,19.72,20,19.72,19.92,0.06,+0.30%,781000,0
02/18/2016,20.35,20.39,19.75,19.86,-0.45,-2.22%,692100,0
02/17/2016,20.76,20.89,20.21,20.31,-0.26,-1.26%,697400,0
02/16/2016,20.22,20.78,19.96,20.57,0.7,+3.52%,733300,0
02/12/2016,19.36,19.96,19.34,19.87,0.91,+4.80%,659400,0
02/11/2016,18.8,19.15,18.69,18.96,-0.56,-2.87%,968500,0
02/10/2016,19.82,20.21,19.51,19.52,-0.15,-0.76%,635100,0
02/09/2016,19.33,19.82,19.33,19.67,0.05,+0.25%,869200,0
02/08/2016,19.46,19.72,19.11,19.62,-0.14,-0.71%,1151700,0
02/05/2016,20.17,20.48,19.75,19.76,-0.42,-2.08%,986600,0
02/04/2016,20.06,20.52,19.87,20.18,0.12,+0.60%,809400,0
02/03/2016,20.1,20.12,19.3,20.06,0.19,+0.96%,972200,0
02/02/2016,20.32,20.33,19.74,19.87,-0.72,-3.50%,916900,0
02/01/2016,20.77,20.81,20.47,20.59,-0.29,-1.39%,819300,0
01/29/2016,20.47,20.91,20.35,20.88,0.41,+2.00%,1249200,0
01/28/2016,19.92,20.72,19.9,20.47,0.9,+4.60%,1265500,0
01/27/2016,19.4,19.9,19.27,19.57,-0.06,-0.31%,1497900,0
01/26/2016,19.2,20.23,19.2,19.63,0.12,+0.62%,1666800,0
01/25/2016,20.36,20.5,19.47,19.51,-1.01,-4.92%,1076900,0
01/22/2016,20.4,20.57,20.13,20.52,0.42,+2.09%,759700,0
01/21/2016,20.54,20.73,20.06,20.1,-0.44,-2.14%,923400,0
01/20/2016,20.25,20.78,19.8,20.54,-0.05,-0.24%,1194800,0
01/19/2016,21.15,21.23,20.47,20.59,-0.3,-1.44%,780000,0
01/15/2016,20.88,21,20.37,20.89,-0.64,-2.97%,1119800,0
01/14/2016,21.24,21.71,20.92,21.53,0.43,+2.04%,978400,0
01/13/2016,21.97,22.06,20.95,21.1,-0.8,-3.65%,941900,0
01/12/2016,22.15,22.15,21.46,21.9,0,0.00%,786300,0
01/11/2016,22.04,22.17,21.74,21.9,0,0.00%,734300,0
01/08/2016,22.7,22.72,21.88,21.9,-0.51,-2.28%,840300,0
01/07/2016,22.54,22.84,22.23,22.41,-0.55,-2.40%,942700,0
01/06/2016,22.81,23.24,22.6,22.96,-0.31,-1.33%,933800,0
01/05/2016,23.26,23.37,22.98,23.27,0.06,+0.26%,824900,0
01/04/2016,23.5,23.64,23.07,23.21,-0.78,-3.25%,1010000,0
12/31/2015,24.27,24.47,23.97,23.99,-0.42,-1.72%,742100,0
12/30/2015,24.74,24.74,24.4,24.41,-0.38,-1.53%,393700,0
12/29/2015,24.71,24.87,24.49,24.79,0.23,+0.94%,416000,0
12/28/2015,24.45,24.56,24.08,24.56,-0.02,-0.08%,397000,0
12/24/2015,24.5,24.76,24.44,24.58,0.03,+0.12%,241400,0
12/23/2015,24.25,24.6,24.21,24.55,0.42,+1.74%,650100,0
12/22/2015,24.26,24.3,23.71,24.13,-0.05,-0.21%,718600,0
12/21/2015,24.09,24.34,23.83,24.18,0.2,+0.83%,921700,0
12/18/2015,24.09,24.14,23.48,23.98,-0.32,-1.32%,4131800,0
12/17/2015,24.83,24.86,24.16,24.3,-0.47,-1.90%,1033700,0
12/16/2015,24.91,25.03,24.21,24.77,0.06,+0.24%,941700,0
12/15/2015,24.37,24.76,24.31,24.71,0.62,+2.57%,1001600,0
12/14/2015,24.01,24.38,23.73,24.09,0.05,+0.21%,1065000,0
12/11/2015,24.46,24.64,23.84,24.04,-0.8,-3.22%,901800,0
12/10/2015,24.87,25.14,24.61,24.84,-0.02,-0.08%,659000,0
12/09/2015,25.12,25.27,24.6,24.86,-0.33,-1.31%,1121500,0
12/08/2015,25.41,25.58,25.08,25.19,-0.53,-2.06%,731000,0
12/07/2015,26.13,26.2,25.44,25.72,-0.53,-2.02%,786400,0
12/04/2015,25.65,26.3,25.57,26.25,0.63,+2.46%,646300,0
12/03/2015,26.35,26.48,25.59,25.62,-0.53,-2.03%,998900,0
12/02/2015,26.93,26.98,26.14,26.15,-0.75,-2.79%,706000,0
12/01/2015,27.05,27.23,26.74,26.9,0,0.00%,364300,0
11/30/2015,26.94,27.1,26.78,26.9,0.04,+0.15%,405200,0
11/27/2015,26.91,26.91,26.6,26.86,-0.07,-0.26%,225900,0
11/25/2015,26.82,26.98,26.69,26.93,0.1,+0.37%,207100,0
11/24/2015,26.43,26.94,26.29,26.83,0.22,+0.83%,388900,0
11/23/2015,26.65,26.88,26.51,26.61,-0.08,-0.30%,312900,0
11/20/2015,26.56,26.84,26.48,26.69,0.28,+1.06%,441800,0
11/19/2015,26.44,26.48,26.15,26.41,-0.03,-0.11%,309500,0
11/18/2015,26.14,26.44,25.89,26.44,0.32,+1.23%,588800,0
11/17/2015,25.98,26.47,25.78,26.12,0.24,+0.93%,559600,0
11/16/2015,25.38,25.92,25.2,25.88,0.48,+1.89%,343800,0
11/13/2015,25.48,25.68,25.24,25.4,-0.3,-1.17%,1271600,0
11/12/2015,26.1,26.25,25.67,25.7,-0.66,-2.50%,316900,0
11/11/2015,26.79,26.87,26.25,26.36,-0.32,-1.20%,408800,0
11/10/2015,26.43,26.73,26.24,26.68,0.14,+0.53%,462900,0
11/09/2015,26.69,26.92,26.34,26.54,-0.11,-0.41%,524300,0
11/06/2015,26.19,26.97,26.15,26.65,0.71,+2.74%,655900,0
11/05/2015,25.52,26.14,25.39,25.94,0.39,+1.53%,423300,0
11/04/2015,25.56,25.68,25.41,25.55,0.06,+0.24%,448000,0
11/03/2015,25.3,25.68,25.19,25.49,0.15,+0.59%,460700,0
11/02/2015,25.01,25.38,24.94,25.34,0.41,+1.64%,363900,0
10/30/2015,25.4,25.56,24.79,24.93,-0.56,-2.20%,490000,0
10/29/2015,25.71,26.09,25.37,25.49,-0.29,-1.12%,616500,0
10/28/2015,24.68,25.8,24.68,25.78,1.15,+4.67%,702500,0
10/27/2015,24.49,24.83,24.4,24.63,-0.05,-0.20%,734200,0
10/26/2015,24.67,24.8,24.31,24.68,-0.11,-0.44%,450600,0
10/23/2015,24.44,24.79,24.28,24.79,0.53,+2.18%,469900,0
10/22/2015,23.84,24.53,23.84,24.26,0.52,+2.19%,430500,0
10/21/2015,24.19,24.35,23.69,23.74,-0.45,-1.86%,725300,0
10/20/2015,23.79,24.24,23.55,24.19,0.61,+2.59%,571100,0
10/19/2015,23.5,23.75,23.41,23.58,0.01,+0.04%,628300,0
10/16/2015,23.71,23.8,23.35,23.57,-0.06,-0.25%,422800,0
10/15/2015,23.36,23.64,23.08,23.63,0.39,+1.68%,597100,0
10/14/2015,23.82,24.17,23.12,23.24,-0.94,-3.89%,599500,0
10/13/2015,24.48,24.65,24.17,24.18,-0.31,-1.27%,455500,0
10/12/2015,24.18,24.56,24.02,24.49,0.3,+1.24%,575700,0
10/09/2015,24.31,24.5,24.04,24.19,-0.04,-0.17%,928500,0
10/08/2015,23.94,24.23,23.76,24.23,0.24,+1.00%,619800,0
10/07/2015,23.65,24,23.53,23.99,0.48,+2.04%,726800,0
10/06/2015,23.56,23.7,23.31,23.51,-0.18,-0.76%,781200,0
10/05/2015,23.2,23.82,22.83,23.69,0.33,+1.41%,699800,0
10/02/2015,23.2,23.38,22.44,23.36,-0.28,-1.18%,860200,0
10/01/2015,23.82,23.89,23.41,23.64,-0.13,-0.55%,816600,0
09/30/2015,23.78,23.86,23.53,23.77,0.27,+1.15%,806000,0
09/29/2015,23.56,23.71,23.39,23.5,0.01,+0.04%,501500,0
09/28/2015,23.61,23.76,23.43,23.49,-0.27,-1.14%,578400,0
09/25/2015,23.99,24.25,23.73,23.76,0.13,+0.55%,718300,0
09/24/2015,23.25,23.66,23.25,23.63,0.13,+0.55%,592000,0
09/23/2015,23.44,23.71,23.34,23.5,0.11,+0.47%,380300,0
09/22/2015,23.34,23.65,23.22,23.39,-0.31,-1.31%,489600,0
09/21/2015,23.5,23.94,23.32,23.7,0.42,+1.80%,738500,0
09/18/2015,23.67,23.68,23.2,23.28,-0.76,-3.16%,1622500,0
09/17/2015,24.43,24.82,23.96,24.04,-0.41,-1.68%,825900,0
09/16/2015,24.45,24.53,24.21,24.45,-0.03,-0.12%,370200,0
09/15/2015,24.32,24.57,24.17,24.48,0.25,+1.03%,318200,0
09/14/2015,24.11,24.32,23.99,24.23,0.1,+0.41%,675900,0
09/11/2015,23.94,24.17,23.8,24.13,-0.03,-0.12%,634200,0
09/10/2015,23.7,24.37,23.65,24.16,0.42,+1.77%,814900,0
09/09/2015,24.24,24.46,23.71,23.74,-0.33,-1.37%,913100,0
09/08/2015,23.72,24.13,23.56,24.07,0.78,+3.35%,603200,0
09/04/2015,23.06,23.45,23.03,23.29,-0.04,-0.17%,526100,0
09/03/2015,23.09,23.54,23,23.33,0.18,+0.78%,527300,0
09/02/2015,23,23.15,22.64,23.15,0.52,+2.30%,739400,0
09/01/2015,23.24,23.39,22.56,22.63,-1.13,-4.76%,751700,0
08/31/2015,23.22,23.85,23.21,23.76,0.34,+1.45%,742600,0
08/28/2015,23.12,23.59,23.04,23.42,0.21,+0.90%,748800,0
08/27/2015,23.26,23.57,23.04,23.21,0.17,+0.74%,1229400,0
08/26/2015,22.69,23.12,22.31,23.04,0.93,+4.21%,935800,0
08/25/2015,23.36,23.42,22.09,22.11,-0.55,-2.43%,1302800,0
08/24/2015,22.6,23.6,22.37,22.66,-1.23,-5.15%,1087700,0
08/21/2015,23.31,24.14,23.18,23.89,-0.08,-0.33%,1066700,0
08/20/2015,24.32,24.41,23.94,23.97,-0.63,-2.56%,780300,0
08/19/2015,24.97,25.1,24.58,24.6,-0.52,-2.07%,552600,0
08/18/2015,25.27,25.48,25.01,25.12,-0.12,-0.48%,352100,0
08/17/2015,24.98,25.47,24.73,25.24,0.06,+0.24%,602900,0
08/14/2015,24.8,25.19,24.75,25.18,0.36,+1.45%,327300,0
08/13/2015,24.77,25.18,24.66,24.82,0.03,+0.12%,375400,0
08/12/2015,25.07,25.07,24.39,24.79,-0.47,-1.86%,483600,0
08/11/2015,25.42,25.57,25.05,25.26,-0.49,-1.90%,336400,0
08/10/2015,25.4,25.76,25.24,25.75,0.54,+2.14%,442200,0
08/07/2015,25.35,25.6,24.98,25.21,-0.2,-0.79%,386700,0
08/06/2015,25.57,25.67,25.23,25.41,-0.11,-0.43%,368000,0
08/05/2015,25.46,25.85,25.29,25.52,0.18,+0.71%,390500,0
08/04/2015,25.24,25.54,25.18,25.34,0.15,+0.60%,296400,0
08/03/2015,25.23,25.4,24.93,25.19,-0.08,-0.32%,320800,0
07/31/2015,25.32,25.4,24.96,25.27,-0.08,-0.32%,637900,0
07/30/2015,25.13,25.35,25.03,25.35,0.15,+0.60%,340100,0
07/29/2015,25.2,25.38,24.98,25.2,0.06,+0.24%,545800,0
07/28/2015,25.4,25.4,24.86,25.14,-0.09,-0.36%,707400,0
07/27/2015,25.16,25.35,24.95,25.23,-0.15,-0.59%,408300,0
07/24/2015,25.65,25.83,25.37,25.38,-0.37,-1.44%,673400,0
07/23/2015,26.48,26.54,25.67,25.75,-0.59,-2.24%,702000,0
07/22/2015,25.99,26.52,25.92,26.34,0.38,+1.46%,634500,0
07/21/2015,26.28,26.52,25.69,25.96,0,0.00%,808700,0
07/20/2015,25.86,26.03,25.71,25.96,0.2,+0.78%,359900,0
07/17/2015,26.04,26.04,25.54,25.76,-0.33,-1.26%,743100,0
07/16/2015,26.39,26.45,26.02,26.09,-0.08,-0.31%,709100,0
07/15/2015,26.15,26.33,26.04,26.17,0.13,+0.50%,436900,0
07/14/2015,25.74,26.07,25.66,26.04,0.11,+0.42%,316900,0
07/13/2015,26.02,26.23,25.86,25.93,0.14,+0.54%,435600,0
07/10/2015,26.02,26.11,25.69,25.79,0.22,+0.86%,489500,0
07/09/2015,25.63,25.72,25.32,25.57,0.39,+1.55%,559100,0
07/08/2015,25.23,25.32,25.03,25.18,-0.23,-0.91%,612400,0
07/07/2015,25.46,25.51,24.77,25.41,-0.19,-0.74%,747600,0
07/06/2015,25.09,25.67,24.99,25.6,0.08,+0.31%,655000,0
07/02/2015,26.04,26.14,25.33,25.52,-0.59,-2.26%,572600,0
07/01/2015,26.08,26.37,25.8,26.11,0.35,+1.36%,657200,0
06/30/2015,26.01,26.25,25.68,25.76,0.12,+0.47%,624600,0
06/29/2015,26.12,26.47,25.59,25.64,-0.96,-3.61%,830600,0
06/26/2015,25.93,26.68,25.93,26.6,0.55,+2.11%,1530500,0
06/25/2015,26.04,26.3,25.87,26.05,0.08,+0.31%,880000,0
06/24/2015,26.27,26.55,25.94,25.97,-0.39,-1.48%,2021300,0
06/23/2015,25.82,26.36,25.82,26.36,0.55,+2.13%,922500,0
06/22/2015,25.59,25.86,25.39,25.81,0.51,+2.02%,547000,0
06/19/2015,25.33,25.44,25.13,25.3,-0.08,-0.32%,805800,0
06/18/2015,25.26,25.43,24.89,25.38,0.32,+1.28%,641800,0
06/17/2015,25.61,25.8,25.03,25.06,-0.63,-2.45%,453600,0
06/16/2015,25.33,25.79,25.23,25.69,0.27,+1.06%,489100,0
06/15/2015,25.26,25.56,24.96,25.42,-0.14,-0.55%,653000,0
06/12/2015,25.56,25.7,25.38,25.56,-0.09,-0.35%,362100,0
06/11/2015,25.6,25.71,25.33,25.65,-0.03,-0.12%,466600,0
06/10/2015,25.7,25.92,25.52,25.68,0.28,+1.10%,510400,0
06/09/2015,25.16,25.6,25.02,25.4,0.33,+1.32%,747900,0
06/08/2015,25,25.24,24.88,25.07,-0.02,-0.08%,356600,0
06/05/2015,24.79,25.1,24.74,25.09,0.51,+2.07%,366900,0
06/04/2015,24.75,24.85,24.43,24.58,-0.27,-1.09%,278300,0
06/03/2015,24.38,24.88,24.18,24.85,0.64,+2.64%,1346800,0
06/02/2015,24.09,24.45,23.99,24.21,0.11,+0.46%,684800,0
06/01/2015,24.33,24.41,23.85,24.1,-0.09,-0.37%,658200,0
05/29/2015,24.4,24.49,24.04,24.19,-0.29,-1.18%,445400,0
05/28/2015,24.58,24.63,24.26,24.48,-0.1,-0.41%,423100,0
05/27/2015,24.22,24.65,23.99,24.58,0.49,+2.03%,938500,0
05/26/2015,24.14,24.37,23.76,24.09,-0.22,-0.90%,679300,0
05/22/2015,24.59,24.72,24.3,24.31,-0.27,-1.10%,657700,0
05/21/2015,24.65,24.95,24.41,24.58,-0.23,-0.93%,809100,0
05/20/2015,25.09,25.09,24.72,24.81,-0.35,-1.39%,455200,0
05/19/2015,24.95,25.22,24.9,25.16,0.32,+1.29%,630700,0
05/18/2015,24.41,24.93,24.29,24.84,0.47,+1.93%,401700,0
05/15/2015,24.7,24.88,24.19,24.37,-0.4,-1.61%,323200,0
05/14/2015,24.78,24.86,24.47,24.77,0.11,+0.45%,463300,0
05/13/2015,24.51,24.69,24.22,24.66,0.17,+0.69%,536100,0
05/12/2015,24.33,24.63,24.02,24.49,0.14,+0.57%,404600,0
05/11/2015,24.39,24.55,24.24,24.35,0.02,+0.08%,492100,0
05/08/2015,24.39,24.46,24.1,24.33,0.07,+0.29%,289100,0
05/07/2015,24.38,24.46,24.05,24.26,-0.2,-0.82%,259100,0
05/06/2015,24.19,24.47,23.9,24.46,0.35,+1.45%,428700,0
05/05/2015,24.12,24.41,24.02,24.11,-0.15,-0.62%,475700,0
05/04/2015,23.96,24.36,23.92,24.26,0.31,+1.29%,320000,0
05/01/2015,24.33,24.4,23.86,23.95,-0.26,-1.07%,375700,0
04/30/2015,24.54,24.67,24.12,24.21,-0.41,-1.67%,694500,0
04/29/2015,24.53,24.85,24.46,24.62,0.02,+0.08%,464100,0
04/28/2015,23.97,24.61,23.9,24.6,0.63,+2.63%,456900,0
04/27/2015,24.24,24.58,23.79,23.97,-0.27,-1.11%,470900,0
04/24/2015,24.51,24.56,24.11,24.24,-0.29,-1.18%,445700,0
04/23/2015,24.65,24.75,24.42,24.53,-0.27,-1.09%,397600,0
04/22/2015,24.41,24.8,24.17,24.8,0.38,+1.56%,581900,0
04/21/2015,24.85,24.91,24.27,24.42,-0.28,-1.13%,441000,0
04/20/2015,24.62,24.72,24.42,24.7,0.28,+1.15%,553900,0
04/17/2015,24.37,24.54,24.13,24.42,-0.27,-1.09%,868600,0
04/16/2015,24.67,24.84,24.28,24.69,-0.11,-0.44%,537000,0
04/15/2015,24.58,24.93,24.33,24.8,0.33,+1.35%,799900,0
04/14/2015,24.26,24.51,23.9,24.47,0.18,+0.74%,943800,0
04/13/2015,23.27,24.31,23.19,24.29,1.01,+4.34%,1235000,0
04/10/2015,23.28,23.29,23.03,23.28,-0.02,-0.09%,312700,0
04/09/2015,23.37,23.42,23.02,23.3,-0.12,-0.51%,318400,0
04/08/2015,23.35,23.59,23.23,23.42,0.01,+0.04%,271500,0
04/07/2015,23.27,23.68,23.19,23.41,0.03,+0.13%,348400,0
04/06/2015,23.32,23.55,23.02,23.38,-0.18,-0.76%,690100,0
04/02/2015,23.5,23.65,23.33,23.56,0.35,+1.51%,679500,0
04/01/2015,23.08,23.31,22.83,23.21,-0.01,-0.04%,667600,0
03/31/2015,23.16,23.33,22.96,23.22,-0.04,-0.17%,669300,0
03/30/2015,22.85,23.46,22.82,23.26,0.59,+2.60%,597300,0
03/27/2015,22.76,22.76,22.4,22.67,-0.08,-0.35%,259100,0
03/26/2015,22.59,22.81,22.29,22.75,0.18,+0.80%,393700,0
03/25/2015,22.93,23,22.55,22.57,-0.4,-1.74%,329800,0
03/24/2015,23.25,23.33,22.96,22.97,-0.28,-1.20%,285100,0
03/23/2015,23.46,23.52,23,23.25,-0.23,-0.98%,446500,0
03/20/2015,23.08,23.55,22.98,23.48,0.53,+2.31%,1095200,0
03/19/2015,22.86,22.99,22.49,22.95,-0.02,-0.09%,662300,0
03/18/2015,23.24,23.68,22.87,22.97,-0.39,-1.67%,635700,0
03/17/2015,22.93,23.41,22.78,23.36,0.27,+1.17%,615500,0
03/16/2015,23.21,23.28,22.91,23.09,-0.12,-0.52%,476700,0
03/13/2015,23.24,23.25,22.69,23.21,-0.02,-0.09%,541700,0
03/12/2015,22.85,23.31,22.66,23.23,0.54,+2.38%,718900,0
03/11/2015,22.45,22.71,22.31,22.69,0.26,+1.16%,401200,0
03/10/2015,22.58,22.66,22.29,22.43,-0.49,-2.14%,475500,0
03/09/2015,22.56,22.95,22.48,22.92,0.36,+1.60%,501900,0
03/06/2015,22.43,23.04,22.25,22.56,0.14,+0.62%,502100,0
03/05/2015,22.24,22.46,21.91,22.42,0.14,+0.63%,351500,0
03/04/2015,22.15,22.37,22.03,22.28,0,0.00%,646100,0
03/03/2015,22.41,22.59,22.19,22.28,-0.25,-1.11%,557000,0
03/02/2015,22.44,22.73,22.34,22.53,0.14,+0.63%,563700,0
02/27/2015,22.48,22.66,22.27,22.39,-0.2,-0.89%,662700,0
02/26/2015,22.19,22.61,22.16,22.59,0.37,+1.67%,463100,0
02/25/2015,22.22,22.44,21.99,22.22,-0.02,-0.09%,338200,0
02/24/2015,22.2,22.53,22.07,22.24,0.15,+0.68%,368200,0
02/23/2015,21.86,22.11,21.73,22.09,0.09,+0.41%,474000,0
02/20/2015,21.59,22.02,21.24,22,0.3,+1.38%,401900,0
02/19/2015,21.54,21.91,21.37,21.7,-0.04,-0.18%,243800,0
02/18/2015,22.1,22.2,21.67,21.74,-0.54,-2.42%,330500,0
02/17/2015,21.96,22.3,21.76,22.28,0.22,+1.00%,386900,0
02/13/2015,21.94,22.23,21.89,22.06,0.1,+0.46%,473900,0
02/12/2015,21.56,21.97,21.43,21.96,0.66,+3.10%,373100,0
02/11/2015,21.58,21.65,21.13,21.3,-0.4,-1.84%,556300,0
02/10/2015,21.77,21.8,21.28,21.7,0.14,+0.65%,314400,0
02/09/2015,21.8,21.81,21.51,21.56,-0.42,-1.91%,520600,0
02/06/2015,21.66,22.18,21.66,21.98,0.54,+2.52%,563700,0
02/05/2015,21.06,21.51,21,21.44,0.53,+2.53%,378900,0
02/04/2015,21.05,21.32,20.9,20.91,-0.29,-1.37%,395300,0
02/03/2015,20.9,21.39,20.82,21.2,0.53,+2.56%,739700,0
02/02/2015,19.99,20.73,19.82,20.67,0.82,+4.13%,819000,0
01/30/2015,19.9,20.26,19.8,19.85,-0.31,-1.54%,601500,0
01/29/2015,19.89,20.21,19.7,20.16,0.32,+1.61%,718700,0
01/28/2015,20.5,20.56,19.76,19.84,-0.63,-3.08%,663800,0
01/27/2015,20.45,20.63,20.32,20.47,-0.35,-1.68%,567900,0
01/26/2015,20.77,20.98,20.46,20.82,-0.02,-0.10%,493300,0
01/23/2015,21.6,21.6,20.8,20.84,-0.74,-3.43%,716500,0
01/22/2015,20.1,21.65,19.93,21.58,1.37,+6.78%,1276800,0
01/21/2015,20.17,20.41,20.03,20.21,0,0.00%,648600,0
01/20/2015,20.36,20.44,19.9,20.21,-0.15,-0.74%,640800,0
01/16/2015,19.66,20.4,19.64,20.36,0.6,+3.04%,620600,0
01/15/2015,20.17,20.23,19.64,19.76,-0.41,-2.03%,1082400,0
01/14/2015,20.07,20.21,19.71,20.17,-0.21,-1.03%,660900,0
01/13/2015,20.51,20.89,20.23,20.38,0,0.00%,573300,0
01/12/2015,20.61,20.65,20.32,20.38,-0.22,-1.07%,511700,0
01/09/2015,21.54,21.54,20.59,20.6,-0.87,-4.05%,594900,0
01/08/2015,21.17,21.5,21.05,21.47,0.59,+2.83%,1080800,0
01/07/2015,21.12,21.17,20.75,20.88,0.03,+0.14%,730300,0
01/06/2015,21.45,21.65,20.73,20.85,-0.6,-2.80%,662600,0
01/05/2015,22.05,22.05,21.41,21.45,-0.8,-3.60%,448800,0
01/02/2015,22.69,22.69,21.83,22.25,-0.26,-1.16%,720500,0
12/31/2014,22.88,22.88,22.46,22.51,-0.26,-1.14%,490500,0
12/30/2014,22.86,23.03,22.71,22.77,-0.16,-0.70%,368900,0
12/29/2014,22.55,23.05,22.5,22.93,0.4,+1.78%,379900,0
12/26/2014,22.63,22.7,22.4,22.53,0.03,+0.13%,159200,0
12/24/2014,22.53,22.61,22.24,22.5,-0.02,-0.09%,182600,0
12/23/2014,22.5,22.72,22.38,22.52,0.15,+0.67%,410600,0
12/22/2014,22.3,22.53,22.17,22.37,0.25,+1.13%,631200,0
12/19/2014,22.49,22.64,22.09,22.12,-0.43,-1.91%,2756200,0
12/18/2014,22.4,22.55,22.22,22.55,0.39,+1.76%,576600,0
12/17/2014,21.44,22.16,21.34,22.16,0.8,+3.75%,795600,0
12/16/2014,21.23,21.78,21.05,21.36,0.03,+0.14%,644300,0
12/15/2014,21.51,21.66,21.26,21.33,-0.08,-0.37%,809800,0
12/12/2014,21.19,21.66,21.15,21.41,0.1,+0.47%,891900,0
12/11/2014,21.32,21.61,21.24,21.31,0.03,+0.14%,452800,0
12/10/2014,22.14,22.3,21.28,21.28,-0.97,-4.36%,666200,0
12/09/2014,21.56,22.27,21.45,22.25,0.36,+1.64%,486300,0
12/08/2014,21.94,22.47,21.73,21.89,-0.19,-0.86%,511600,0
12/05/2014,21.88,22.48,21.88,22.08,0.34,+1.56%,583700,0
12/04/2014,21.82,21.84,21.57,21.74,-0.14,-0.64%,533600,0
12/03/2014,21.65,21.98,21.59,21.88,0.2,+0.92%,389200,0
12/02/2014,21.51,21.9,21.43,21.68,0.27,+1.26%,338600,0
12/01/2014,21.87,21.89,21.35,21.41,-0.48,-2.19%,623200,0
11/28/2014,22.64,22.71,21.86,21.89,-0.71,-3.14%,246600,0
11/26/2014,22.47,22.65,22.38,22.6,0.1,+0.44%,311300,0
11/25/2014,22.47,22.61,22.19,22.5,0.06,+0.27%,386600,0
11/24/2014,22.26,22.49,22.11,22.44,0.28,+1.26%,299500,0
11/21/2014,22.61,22.7,22.09,22.16,-0.25,-1.12%,419200,0
11/20/2014,21.87,22.41,21.85,22.41,0.38,+1.72%,362200,0
11/19/2014,22.39,22.39,21.8,22.03,-0.34,-1.52%,620200,0
11/18/2014,22.26,22.58,22.26,22.37,0.09,+0.40%,492400,0
11/17/2014,22.29,22.36,22.16,22.28,-0.09,-0.40%,316600,0
11/14/2014,22.58,22.69,22.29,22.37,-0.2,-0.89%,388900,0
11/13/2014,22.93,22.99,22.51,22.57,-0.42,-1.83%,444900,0
11/12/2014,22.72,23,22.69,22.99,0.22,+0.97%,549500,0
11/11/2014,22.9,22.99,22.7,22.77,-0.09,-0.39%,548400,0
11/10/2014,22.6,22.97,22.45,22.86,0.31,+1.37%,978700,0
11/07/2014,22.64,22.68,22.43,22.55,-0.16,-0.70%,494000,0
11/06/2014,22.56,22.8,22.4,22.71,0.14,+0.62%,529800,0
11/05/2014,22.58,22.69,22.34,22.57,0.13,+0.58%,551300,0
11/04/2014,22.73,22.73,22.1,22.44,-0.36,-1.58%,888600,0
11/03/2014,23.05,23.28,22.73,22.8,-0.23,-1.00%,606200,0
10/31/2014,23.08,23.28,22.75,23.03,0.42,+1.86%,768900,0
10/30/2014,22.47,22.81,22.26,22.61,-0.02,-0.09%,468800,0
10/29/2014,22.35,22.7,22.12,22.63,0.29,+1.30%,615700,0
10/28/2014,21.79,22.35,21.79,22.34,0.59,+2.71%,663600,0
10/27/2014,21.57,21.76,21.39,21.75,0.06,+0.28%,719000,0
10/24/2014,21.46,21.7,21.3,21.69,0.27,+1.26%,748100,0
10/23/2014,21.16,21.59,21.04,21.42,0.53,+2.54%,1291000,0
10/22/2014,21.28,21.28,20.87,20.89,-0.06,-0.29%,858400,0
10/21/2014,20.37,21.34,20.23,20.95,0.85,+4.23%,1120500,0
10/20/2014,19.96,20.33,19.96,20.1,-0.01,-0.05%,504400,0
10/17/2014,20.25,20.27,19.92,20.11,0,0.00%,841800,0
10/16/2014,19.33,20.22,19.33,20.11,0.37,+1.87%,788200,0
10/15/2014,19.88,19.98,19.22,19.74,-0.54,-2.66%,1027100,0
10/14/2014,20.22,20.65,20.19,20.28,0.46,+2.32%,1065700,0
10/13/2014,19.6,20.12,19.5,19.82,0.2,+1.02%,607000,0
10/10/2014,19.72,20.12,19.61,19.62,-0.13,-0.66%,555400,0
10/09/2014,20.24,20.27,19.75,19.75,-0.57,-2.81%,576600,0
10/08/2014,19.94,20.35,19.82,20.32,0.4,+2.01%,920600,0
10/07/2014,20.11,20.23,19.88,19.92,-0.36,-1.78%,706100,0
10/06/2014,20.57,20.61,20.2,20.28,-0.22,-1.07%,397400,0
10/03/2014,20.45,20.66,20.45,20.5,0.25,+1.23%,476600,0
10/02/2014,19.87,20.37,19.84,20.25,0.3,+1.50%,718300,0
10/01/2014,20.02,20.4,19.89,19.95,-0.19,-0.94%,1554800,0
09/30/2014,20.48,20.51,20.11,20.14,-0.29,-1.42%,994400,0
09/29/2014,20.2,20.54,20.2,20.43,-0.06,-0.29%,489900,0
09/26/2014,20.52,20.64,20.3,20.49,0,0.00%,450000,0
09/25/2014,20.78,20.8,20.49,20.49,-0.41,-1.96%,616900,0
09/24/2014,20.92,20.99,20.7,20.9,-0.01,-0.05%,710900,0
09/23/2014,21.22,21.33,20.91,20.91,-0.42,-1.97%,638600,0
09/22/2014,21.67,21.76,21.31,21.33,-0.47,-2.16%,980500,0
09/19/2014,21.82,22.22,21.74,21.8,0.1,+0.46%,2716500,0
09/18/2014,21.26,21.74,21.18,21.7,0.55,+2.60%,645200,0
09/17/2014,21.07,21.3,20.92,21.15,0.06,+0.28%,606400,0
09/16/2014,21.16,21.4,20.98,21.09,-0.09,-0.42%,710200,0
09/15/2014,21.38,21.5,21.16,21.18,-0.35,-1.63%,720500,0
09/12/2014,21.58,21.74,21.35,21.53,0.01,+0.05%,547900,0
09/11/2014,21.22,21.67,21.13,21.52,0.06,+0.28%,476200,0
09/10/2014,21.12,21.5,21.11,21.46,0.41,+1.95%,370500,0
09/09/2014,21.33,21.33,20.95,21.05,-0.35,-1.64%,356800,0
09/08/2014,21.08,21.42,21,21.4,0.22,+1.04%,435800,0
09/05/2014,21.05,21.27,20.92,21.18,0.02,+0.09%,619500,0
09/04/2014,21.28,21.39,21.1,21.16,-0.03,-0.14%,605600,0
09/03/2014,21.63,21.63,21.15,21.19,-0.29,-1.35%,381800,0
09/02/2014,21.12,21.54,21.07,21.48,0.31,+1.46%,746600,0
08/29/2014,21.06,21.21,20.96,21.17,0.15,+0.71%,315900,0
08/28/2014,21.1,21.18,20.97,21.02,-0.2,-0.94%,390900,0
08/27/2014,21.35,21.37,21.17,21.22,-0.12,-0.56%,290600,0
08/26/2014,21.22,21.41,21.2,21.34,0.13,+0.61%,346900,0
08/25/2014,21.15,21.35,21.04,21.21,0.11,+0.52%,366000,0
08/22/2014,20.99,21.25,20.86,21.1,0.04,+0.19%,477100,0
08/21/2014,20.65,21.2,20.53,21.06,0.4,+1.94%,569900,0
08/20/2014,20.76,20.86,20.54,20.66,-0.17,-0.82%,706700,0
08/19/2014,20.91,21.03,20.76,20.83,-0.13,-0.62%,403400,0
08/18/2014,20.53,20.98,20.51,20.96,0.62,+3.05%,745000,0
08/15/2014,20.66,20.71,20.11,20.34,-0.12,-0.59%,828000,0
08/14/2014,20.61,20.8,20.42,20.46,-0.16,-0.78%,383700,0
08/13/2014,20.63,20.75,20.47,20.62,0.12,+0.59%,458300,0
08/12/2014,20.37,20.72,20.35,20.5,-0.02,-0.10%,655600,0
08/11/2014,20.53,20.62,20.32,20.52,0.09,+0.44%,591500,0
08/08/2014,20.3,20.5,20.17,20.43,0.14,+0.69%,916100,0
08/07/2014,20.75,20.84,20.21,20.29,-0.46,-2.22%,728400,0
08/06/2014,20.48,20.9,20.48,20.75,0.15,+0.73%,527000,0
08/05/2014,20.49,20.73,20.35,20.6,0.06,+0.29%,534800,0
08/04/2014,20.69,20.71,20.24,20.54,-0.04,-0.19%,453900,0
08/01/2014,20.81,21,20.39,20.58,-0.29,-1.39%,746100,0
07/31/2014,21.28,21.46,20.87,20.87,-0.64,-2.98%,512700,0
07/30/2014,21.44,21.63,21.29,21.51,0.3,+1.41%,431900,0
07/29/2014,21.4,21.54,21.2,21.21,-0.18,-0.84%,356500,0
07/28/2014,21.78,21.78,21.35,21.39,-0.37,-1.70%,488600,0
07/25/2014,21.33,21.77,21.23,21.76,0.22,+1.02%,699200,0
07/24/2014,21.29,21.69,21.18,21.54,0.4,+1.89%,1149200,0
07/23/2014,21.32,21.42,20.87,21.14,-0.37,-1.72%,2041300,0
07/22/2014,22.54,22.55,21.19,21.51,-1.9,-8.12%,3275700,0
07/21/2014,23.3,23.5,23.21,23.41,-0.12,-0.51%,362400,0
07/18/2014,23.3,23.72,23.26,23.53,0.23,+0.99%,379600,0
07/17/2014,23.89,24.03,23.19,23.3,-0.76,-3.16%,484900,0
07/16/2014,24.65,24.66,24.01,24.06,-0.41,-1.68%,476100,0
07/15/2014,24.29,24.56,24.13,24.47,0.27,+1.12%,371900,0
07/14/2014,24.41,24.52,24.17,24.2,0.07,+0.29%,393500,0
07/11/2014,23.98,24.28,23.82,24.13,0.03,+0.12%,369400,0
07/10/2014,23.92,24.23,23.73,24.1,-0.26,-1.07%,382000,0
07/09/2014,24.5,24.64,24.3,24.36,-0.05,-0.20%,241200,0
07/08/2014,24.53,24.73,24.37,24.41,-0.26,-1.05%,556700,0
07/07/2014,24.86,24.99,24.66,24.67,-0.4,-1.60%,255600,0
07/03/2014,24.88,25.1,24.71,25.07,0.54,+2.20%,238500,0
07/02/2014,24.9,25.1,24.5,24.53,-0.45,-1.80%,310300,0
07/01/2014,24.57,25.43,24.5,24.98,0.41,+1.67%,850600,0
06/30/2014,24.55,24.62,24.28,24.57,0.02,+0.08%,343200,0
06/27/2014,24.31,24.64,24.28,24.55,0.07,+0.29%,538500,0
06/26/2014,24.43,24.52,23.96,24.48,0.07,+0.29%,187400,0
06/25/2014,24.1,24.52,23.78,24.41,0.15,+0.62%,351400,0
06/24/2014,24.29,24.81,24.16,24.26,-0.14,-0.57%,569700,0
06/23/2014,24.55,24.55,24.35,24.4,-0.07,-0.29%,270600,0
06/20/2014,24.48,24.7,24.4,24.47,0.09,+0.37%,832200,0
06/19/2014,24.61,24.62,24.26,24.38,-0.18,-0.73%,280000,0
06/18/2014,24.51,24.65,24.25,24.56,0.06,+0.24%,460300,0
06/17/2014,24.15,24.8,23.98,24.5,0.4,+1.66%,691700,0
06/16/2014,24.14,24.19,23.8,24.1,-0.1,-0.41%,309900,0
06/13/2014,24.4,24.63,24.07,24.2,-0.1,-0.41%,393500,0
06/12/2014,24.45,24.56,24.18,24.3,-0.22,-0.90%,521100,0
06/11/2014,24.6,24.79,24.44,24.52,-0.2,-0.81%,298900,0
06/10/2014,24.72,24.87,24.6,24.72,-0.13,-0.52%,339400,0
06/09/2014,24.42,24.86,24.29,24.85,0.41,+1.68%,237200,0
06/06/2014,24.29,24.58,24.19,24.44,0.28,+1.16%,360400,0
06/05/2014,23.84,24.28,23.51,24.16,0.45,+1.90%,508900,0
06/04/2014,23.79,23.92,23.52,23.71,-0.21,-0.88%,570300,0
06/03/2014,23.74,24.17,23.74,23.92,0.08,+0.34%,584700,0
06/02/2014,23.55,24,23.44,23.84,0.34,+1.45%,715300,0
05/30/2014,23.1,23.57,23.1,23.5,0.44,+1.91%,1215600,0
05/29/2014,23.14,23.14,22.89,23.06,0.02,+0.09%,284000,0
05/28/2014,23.27,23.34,22.92,23.04,-0.34,-1.45%,387700,0
05/27/2014,23.28,23.47,23.03,23.38,0.28,+1.21%,329200,0
05/23/2014,22.89,23.25,22.76,23.1,0.17,+0.74%,376000,0
05/22/2014,22.79,23.01,22.72,22.93,0.2,+0.88%,310100,0
05/21/2014,22.65,22.83,22.38,22.73,0.23,+1.02%,366800,0
05/20/2014,22.78,22.78,22.32,22.5,-0.4,-1.75%,842000,0
05/19/2014,22.33,22.91,22.33,22.9,0.43,+1.91%,365400,0
05/16/2014,22.55,22.63,22.2,22.47,-0.09,-0.40%,276100,0
05/15/2014,22.74,22.85,22.16,22.56,-0.33,-1.44%,569400,0
05/14/2014,23.32,23.32,22.69,22.89,-0.54,-2.30%,499500,0
05/13/2014,23.73,23.81,23.42,23.43,-0.39,-1.64%,370000,0
05/12/2014,23.52,23.97,23.3,23.82,0.39,+1.66%,424400,0
05/09/2014,22.88,23.44,22.72,23.43,0.48,+2.09%,631000,0
05/08/2014,22.91,23.33,22.71,22.95,-0.03,-0.13%,613900,0
05/07/2014,22.68,23.01,22.52,22.98,0.29,+1.28%,400300,0
05/06/2014,22.73,23.07,22.51,22.69,-0.14,-0.61%,635800,0
05/05/2014,22.91,23.05,22.63,22.83,-0.28,-1.21%,460200,0
05/02/2014,23.1,23.62,22.99,23.11,0.08,+0.35%,331200,0
05/01/2014,23.37,23.43,22.8,23.03,-0.33,-1.41%,686300,0
04/30/2014,23,23.37,22.72,23.36,0.35,+1.52%,502700,0
04/29/2014,23.19,23.36,22.9,23.01,-0.01,-0.04%,378500,0
04/28/2014,23.39,23.6,22.79,23.02,-0.19,-0.82%,638200,0
04/25/2014,23.54,23.68,23.19,23.21,-0.42,-1.78%,891100,0
04/24/2014,24.23,24.37,23.59,23.63,-0.52,-2.15%,455400,0
04/23/2014,24.14,24.36,23.84,24.15,0.03,+0.12%,451900,0
04/22/2014,23.78,24.56,23.15,24.12,0.34,+1.43%,585200,0
04/21/2014,23.97,24.09,23.6,23.78,-0.21,-0.88%,310200,0
04/17/2014,23.68,24.19,23.56,23.99,0.31,+1.31%,671100,0
04/16/2014,23.69,23.85,23.52,23.68,0.17,+0.72%,387400,0
04/15/2014,23.42,23.71,23.03,23.51,0.14,+0.60%,439200,0
04/14/2014,23.54,23.71,23.05,23.37,0.13,+0.56%,467200,0
04/11/2014,23.26,23.63,23.07,23.24,-0.25,-1.06%,509100,0
04/10/2014,24.16,24.39,23.37,23.49,-0.76,-3.13%,731900,0
04/09/2014,24.36,24.36,23.99,24.25,-0.02,-0.08%,496600,0
04/08/2014,24.37,24.7,24.1,24.27,-0.06,-0.25%,560100,0
04/07/2014,24.56,24.65,24.18,24.33,-0.32,-1.30%,591500,0
04/04/2014,25.4,25.51,24.55,24.65,-0.68,-2.68%,499400,0
04/03/2014,25.35,25.44,25.15,25.33,0.02,+0.08%,271800,0
04/02/2014,25.51,25.51,25.1,25.31,-0.16,-0.63%,512000,0
04/01/2014,25.07,25.55,24.77,25.47,0.51,+2.04%,558700,0
03/31/2014,24.6,25.04,24.55,24.96,0.57,+2.34%,481800,0
03/28/2014,24.45,24.9,24.33,24.39,-0.05,-0.20%,570700,0
03/27/2014,25.13,25.2,24.39,24.44,-0.65,-2.59%,762100,0
03/26/2014,25.66,25.75,25.09,25.09,-0.43,-1.68%,680000,0
03/25/2014,25.71,25.79,25.44,25.52,-0.02,-0.08%,380900,0
03/24/2014,25.72,26,25.36,25.54,-0.09,-0.35%,453800,0
03/21/2014,25.95,26.22,25.59,25.63,-0.27,-1.04%,1120100,0
03/20/2014,25.43,26.24,25.31,25.9,0.43,+1.69%,832700,0
03/19/2014,25.2,25.78,24.98,25.47,0.26,+1.03%,484200,0
03/18/2014,25.01,25.23,24.93,25.21,0.21,+0.84%,527500,0
03/17/2014,25.07,25.4,24.91,25,0.06,+0.24%,411200,0
03/14/2014,24.7,25.08,24.65,24.94,0.13,+0.52%,224000,0
03/13/2014,25.12,25.25,24.71,24.81,-0.21,-0.84%,456300,0
03/12/2014,25.04,25.18,24.69,25.02,-0.16,-0.64%,522000,0
03/11/2014,25.22,25.33,24.9,25.18,-0.01,-0.04%,483800,0
03/10/2014,25.19,25.32,24.94,25.19,0.02,+0.08%,496400,0
03/07/2014,25,25.48,24.96,25.17,0.26,+1.04%,978400,0
03/06/2014,24.74,25.02,24.64,24.91,0.23,+0.93%,789700,0
03/05/2014,24.73,24.83,24.48,24.68,-0.09,-0.36%,388300,0
03/04/2014,24.3,24.9,24.15,24.77,0.77,+3.21%,1151000,0
03/03/2014,23.73,24.12,23.48,24,0.07,+0.29%,876400,0
02/28/2014,23.77,24.18,23.67,23.93,0.21,+0.89%,749700,0
02/27/2014,23.75,23.85,23.5,23.72,-0.09,-0.38%,620200,0
02/26/2014,23.54,23.81,23.39,23.81,0.33,+1.41%,410000,0
02/25/2014,23.77,23.77,23.42,23.48,-0.3,-1.26%,723000,0
02/24/2014,23.29,23.92,23.29,23.78,0.48,+2.06%,533000,0
02/21/2014,23.07,23.47,22.88,23.3,0.3,+1.30%,1099000,0
02/20/2014,22.98,23.16,22.55,23,0.09,+0.39%,1200800,0
02/19/2014,23.77,23.77,22.83,22.91,-0.86,-3.62%,885600,0
02/18/2014,23.78,23.94,23.63,23.77,0.08,+0.34%,1120900,0
02/14/2014,23.53,23.82,23.41,23.69,0.06,+0.25%,467800,0
02/13/2014,23.28,23.66,23.19,23.63,0.13,+0.55%,362900,0
02/12/2014,23.48,23.89,23.41,23.5,0.07,+0.30%,394700,0
02/11/2014,23.09,23.59,23.04,23.43,0.34,+1.47%,562200,0
02/10/2014,23.11,23.31,22.85,23.09,0.04,+0.17%,624700,0
02/07/2014,23.15,23.3,22.82,23.05,0.05,+0.22%,451900,0
02/06/2014,22.84,23,22.66,23,0.21,+0.92%,402000,0
02/05/2014,22.96,22.98,22.64,22.79,-0.22,-0.96%,469800,0
02/04/2014,22.86,23.15,22.46,23.01,0.32,+1.41%,815600,0
02/03/2014,23.52,23.62,22.65,22.69,-0.88,-3.73%,1295100,0
01/31/2014,23.68,23.92,23.41,23.57,-0.51,-2.12%,655800,0
01/30/2014,24.09,24.2,23.73,24.08,0.19,+0.80%,708100,0
01/29/2014,24.41,24.43,23.84,23.89,-0.71,-2.89%,542600,0
01/28/2014,24.61,24.88,24.44,24.6,0.01,+0.04%,801500,0
01/27/2014,24.84,24.97,24.28,24.59,-0.22,-0.89%,1279900,0
01/24/2014,24.77,24.93,24.54,24.81,-0.05,-0.20%,1195800,0
01/23/2014,24.85,25.07,24.32,24.86,-0.28,-1.11%,757300,0
01/22/2014,24.97,25.22,24.84,25.14,0.17,+0.68%,643100,0
01/21/2014,24.66,25.08,24.59,24.97,0.53,+2.17%,698500,0
01/17/2014,24.22,24.5,24.07,24.44,0.25,+1.03%,576200,0
01/16/2014,24.48,24.48,24.1,24.19,-0.29,-1.18%,754600,0
01/15/2014,24.71,24.87,24.48,24.48,-0.11,-0.45%,804800,0
01/14/2014,24.69,24.74,24.38,24.59,0.04,+0.16%,500700,0
01/13/2014,24.89,24.91,24.4,24.55,-0.39,-1.56%,633700,0
01/10/2014,25.08,25.08,24.61,24.94,0.16,+0.65%,802700,0
01/09/2014,24.92,25.07,24.54,24.78,0.01,+0.04%,1493100,0
01/08/2014,24.72,24.84,24.6,24.77,0.01,+0.04%,979600,0
01/07/2014,24.72,25.08,24.59,24.76,0.15,+0.61%,850500,0
01/06/2014,23.49,24.72,23.49,24.61,-0.26,-1.05%,1698300,0
01/03/2014,24.87,25.02,24.62,24.87,0,0.00%,411600,0
01/02/2014,25.35,25.35,24.84,24.87,-0.55,-2.16%,920400,0
12/31/2013,25.35,25.51,25.32,25.42,0.06,+0.24%,495500,0
12/30/2013,25.41,25.54,25.22,25.36,-0.09,-0.35%,470800,0
12/27/2013,25.19,25.46,25.05,25.45,0.23,+0.91%,597400,0
12/26/2013,25.3,25.4,25.08,25.22,-0.04,-0.16%,635000,0
12/24/2013,25.28,25.46,25.21,25.26,-0.03,-0.12%,226800,0
12/23/2013,25.27,25.36,24.93,25.29,0.11,+0.44%,871600,0
12/20/2013,24.56,25.18,24.49,25.18,0.6,+2.44%,4069800,0
12/19/2013,24.78,24.92,24.51,24.58,-0.3,-1.21%,962300,0
12/18/2013,24.38,24.89,24.13,24.88,0.5,+2.05%,957300,0
12/17/2013,24.57,24.57,24.19,24.38,-0.09,-0.37%,1007000,0
12/16/2013,23.62,24.52,23.62,24.47,0.82,+3.47%,1298900,0
12/13/2013,23.94,23.99,23.43,23.65,-0.23,-0.96%,611600,0
12/12/2013,23.41,24,23.37,23.88,0.5,+2.14%,550800,0
12/11/2013,23.84,23.88,23.28,23.38,-0.47,-1.97%,621400,0
12/10/2013,24.17,24.37,23.83,23.85,-0.34,-1.41%,500800,0
12/09/2013,24.46,24.52,24.1,24.19,-0.1,-0.41%,435000,0
12/06/2013,24.2,24.46,24.15,24.29,0.38,+1.59%,510900,0
12/05/2013,23.7,23.91,23.63,23.91,0.09,+0.38%,416000,0
12/04/2013,23.41,23.96,23.41,23.82,0.23,+0.97%,508000,0
12/03/2013,23.57,23.74,23.36,23.59,-0.08,-0.34%,522000,0
12/02/2013,23.98,24.12,23.65,23.67,-0.24,-1.00%,551900,0
11/29/2013,24.03,24.06,23.85,23.91,-0.11,-0.46%,319000,0
11/27/2013,24.03,24.06,23.93,24.02,0.02,+0.08%,558400,0
11/26/2013,23.98,24.06,23.89,24,0.08,+0.33%,549900,0
11/25/2013,23.77,24.07,23.72,23.92,0.2,+0.84%,508500,0
11/22/2013,23.54,23.76,23.39,23.72,0.15,+0.64%,607300,0
11/21/2013,22.95,23.77,22.94,23.57,0.56,+2.43%,502400,0
11/20/2013,23.03,23.09,22.72,23.01,0.01,+0.04%,430600,0
11/19/2013,22.99,23.14,22.79,23,0.01,+0.04%,572200,0
11/18/2013,22.74,23.15,22.63,22.99,0.26,+1.14%,1377700,0
11/15/2013,22.9,22.97,22.59,22.73,-0.19,-0.83%,830700,0
11/14/2013,23.02,23.02,22.79,22.92,-0.08,-0.35%,456300,0
11/13/2013,22.62,23,22.6,23,0.25,+1.10%,345900,0
11/12/2013,23.18,23.23,22.68,22.75,-0.44,-1.90%,493900,0
11/11/2013,23.18,23.4,23.04,23.19,-0.1,-0.43%,441300,0
11/08/2013,22.11,23.3,22.1,23.29,1.15,+5.19%,1022100,0
11/07/2013,22.59,22.66,22.14,22.14,-0.4,-1.77%,720900,0
11/06/2013,22.52,22.61,22.31,22.54,0.12,+0.54%,394600,0
11/05/2013,22.37,22.58,22.2,22.42,0.11,+0.49%,709000,0
11/04/2013,22.22,22.36,21.98,22.31,0.19,+0.86%,428700,0
11/01/2013,22.13,22.23,21.82,22.12,0.02,+0.09%,578900,0
10/31/2013,22.19,22.41,22.1,22.1,-0.15,-0.67%,534800,0
10/30/2013,22.51,22.59,22.25,22.25,-0.3,-1.33%,584800,0
10/29/2013,22.42,22.67,22.25,22.55,0.16,+0.71%,574000,0
10/28/2013,22.22,22.49,22.1,22.39,0.11,+0.49%,423800,0
10/25/2013,22.43,22.43,22.13,22.28,-0.05,-0.22%,438100,0
10/24/2013,22.1,22.45,22.01,22.33,0.31,+1.41%,994200,0
10/23/2013,21.73,22.11,21.65,22.02,0.11,+0.50%,716000,0
10/22/2013,21.19,21.92,21.1,21.91,0.69,+3.25%,1278700,0
10/21/2013,21.18,21.43,20.93,21.22,0.01,+0.05%,915000,0
10/18/2013,21.01,21.32,20.79,21.21,0.28,+1.34%,673300,0
10/17/2013,20.77,20.99,20.71,20.93,0.03,+0.14%,385000,0
10/16/2013,20.69,20.98,20.5,20.9,0.36,+1.75%,590700,0
10/15/2013,20.72,20.87,20.52,20.54,-0.24,-1.15%,440400,0
10/14/2013,20.61,20.87,20.57,20.78,0,0.00%,500700,0
10/11/2013,20.2,20.79,20.1,20.78,0.47,+2.31%,449100,0
10/10/2013,19.95,20.33,19.93,20.31,0.58,+2.94%,400600,0
10/09/2013,19.75,19.91,19.64,19.73,0,0.00%,455900,0
10/08/2013,19.92,20,19.73,19.73,-0.24,-1.20%,503900,0
10/07/2013,20.14,20.14,19.96,19.97,-0.32,-1.58%,506100,0
10/04/2013,19.9,20.32,19.89,20.29,0.36,+1.81%,411800,0
10/03/2013,19.92,19.94,19.73,19.93,0.01,+0.05%,626100,0
10/02/2013,20.19,20.19,19.85,19.92,-0.37,-1.82%,574000,0
10/01/2013,19.97,20.31,19.87,20.29,0.35,+1.76%,1188700,0
09/30/2013,19.82,20.05,19.7,19.94,-0.08,-0.40%,697500,0
09/27/2013,19.89,20.19,19.86,20.02,-0.01,-0.05%,677500,0
09/26/2013,20.24,20.39,19.95,20.03,-0.15,-0.74%,708200,0
09/25/2013,20.07,20.49,19.89,20.18,0.15,+0.75%,750300,0
09/24/2013,19.72,20.22,19.63,20.03,0.26,+1.32%,848800,0
09/23/2013,19.8,19.8,19.4,19.77,-0.13,-0.65%,734800,0
09/20/2013,19.61,20.06,19.52,19.9,0.41,+2.10%,2101800,0
09/19/2013,19.89,19.95,19.2,19.49,-0.41,-2.06%,1146100,0
09/18/2013,20.19,20.45,19.89,19.9,-0.33,-1.63%,1102200,0
09/17/2013,19.87,20.25,19.81,20.23,0.32,+1.61%,622100,0
09/16/2013,20,20.08,19.78,19.91,-0.03,-0.15%,906200,0
09/13/2013,19.89,20,19.69,19.94,0.14,+0.71%,637100,0
09/12/2013,19.85,19.95,19.73,19.8,-0.06,-0.30%,744100,0
09/11/2013,19.86,19.92,19.62,19.86,0.04,+0.20%,706800,0
09/10/2013,19.68,19.84,19.58,19.82,0.16,+0.81%,549400,0
09/09/2013,19.44,19.71,19.22,19.66,0.24,+1.24%,635300,0
09/06/2013,19.42,19.56,18.93,19.42,0.04,+0.21%,500400,0
09/05/2013,19.25,19.44,19.2,19.38,0.18,+0.94%,1110600,0
09/04/2013,19.23,19.51,19.08,19.2,-0.06,-0.31%,622600,0
09/03/2013,19.62,19.98,18.97,19.26,-0.12,-0.62%,955800,0
08/30/2013,19.8,19.8,19.37,19.38,-0.43,-2.17%,592500,0
08/29/2013,19.7,20.01,19.61,19.81,0.13,+0.66%,541000,0
08/28/2013,19.67,19.92,19.6,19.68,0,0.00%,486800,0
08/27/2013,20.3,20.3,19.56,19.68,-0.8,-3.91%,778800,0
08/26/2013,20.63,20.77,20.46,20.48,-0.17,-0.82%,475200,0
08/23/2013,20.52,20.75,20.26,20.65,0.4,+1.98%,732300,0
08/22/2013,20.01,20.39,19.97,20.25,0.28,+1.40%,369900,0
08/21/2013,20.23,20.25,19.93,19.97,-0.3,-1.48%,435300,0
08/20/2013,20.01,20.4,19.99,20.27,0.31,+1.55%,411500,0
08/19/2013,20.2,20.24,19.94,19.96,-0.28,-1.38%,394800,0
08/16/2013,19.86,20.56,19.76,20.24,0.27,+1.35%,646800,0
08/15/2013,19.89,20.07,19.83,19.97,-0.13,-0.65%,738800,0
08/14/2013,20.13,20.18,20.01,20.1,0.06,+0.30%,374700,0
08/13/2013,19.77,20.04,19.67,20.04,0.26,+1.31%,430100,0
08/12/2013,19.51,19.88,19.51,19.78,0.05,+0.25%,474300,0
08/09/2013,19.81,19.91,19.64,19.73,-0.11,-0.55%,334400,0
08/08/2013,19.95,20,19.81,19.84,0.04,+0.20%,372200,0
08/07/2013,19.9,20,19.65,19.8,-0.23,-1.15%,367600,0
08/06/2013,20.18,20.25,19.96,20.03,-0.15,-0.74%,463900,0
08/05/2013,20.29,20.4,20.03,20.18,-0.11,-0.54%,566400,0
08/02/2013,20.09,20.33,19.87,20.29,0.15,+0.74%,729900,0
08/01/2013,19.82,20.29,19.76,20.14,0.49,+2.49%,912200,0
07/31/2013,19.71,20.27,19.65,19.65,-0.03,-0.15%,597400,0
07/30/2013,19.67,19.94,19.57,19.68,0.15,+0.77%,651500,0
07/29/2013,19.82,19.95,19.39,19.53,-0.34,-1.71%,706900,0
07/26/2013,20,20.14,19.81,19.87,-0.29,-1.44%,606500,0
07/25/2013,20.37,20.48,19.97,20.16,-0.18,-0.88%,795300,0
07/24/2013,20.3,20.47,20.23,20.34,0.17,+0.84%,756300,0
07/23/2013,19.6,20.42,19.51,20.17,0.7,+3.60%,1508800,0
07/22/2013,19.27,19.56,19.16,19.47,0.22,+1.14%,847300,0
07/19/2013,19.09,19.33,18.99,19.25,0.11,+0.57%,502100,0
07/18/2013,18.84,19.23,18.84,19.14,0.35,+1.86%,567100,0
07/17/2013,18.62,18.88,18.62,18.79,0.21,+1.13%,809200,0
07/16/2013,18.81,18.86,18.4,18.58,-0.23,-1.22%,972200,0
07/15/2013,18.52,18.85,18.37,18.81,0.35,+1.90%,726100,0
07/12/2013,18.25,18.53,18.22,18.46,0.21,+1.15%,632600,0
07/11/2013,18.92,18.97,18.22,18.25,-0.44,-2.35%,1140300,0
07/10/2013,19.19,19.26,18.69,18.69,-0.48,-2.50%,1078500,0
07/09/2013,18.8,19.24,18.66,19.17,0.41,+2.19%,980500,0
07/08/2013,18.91,19,18.73,18.76,-0.08,-0.42%,493000,0
07/05/2013,18.57,18.84,18.44,18.84,0.54,+2.95%,527300,0
07/03/2013,18.11,18.4,18.06,18.3,0.05,+0.27%,303400,0
07/02/2013,18.08,18.68,18.03,18.25,0.14,+0.77%,983300,0
07/01/2013,17.81,18.31,17.76,18.11,0.41,+2.32%,837800,0
06/28/2013,17.69,17.95,17.59,17.7,0.04,+0.23%,1001900,0
06/27/2013,17.3,17.71,17.23,17.66,0.5,+2.91%,791900,0
06/26/2013,17.36,17.45,17.1,17.16,-0.1,-0.58%,778600,0
06/25/2013,17.03,17.36,16.93,17.26,0.32,+1.89%,808300,0
06/24/2013,16.7,17.04,16.58,16.94,0.06,+0.36%,1307000,0
06/21/2013,16.8,16.93,16.67,16.88,0.12,+0.72%,1169400,0
06/20/2013,16.45,16.94,16.37,16.76,0.04,+0.24%,777300,0
06/19/2013,16.69,16.93,16.64,16.72,0,0.00%,550900,0
06/18/2013,16.41,16.72,16.3,16.72,0.29,+1.77%,772000,0
06/17/2013,16.53,16.63,16.35,16.43,0.03,+0.18%,495200,0
06/14/2013,16.81,16.83,16.32,16.4,-0.47,-2.79%,496100,0
06/13/2013,16.57,16.93,16.52,16.87,0.28,+1.69%,536500,0
06/12/2013,16.95,16.95,16.52,16.59,-0.22,-1.31%,355000,0
06/11/2013,16.75,16.99,16.57,16.81,-0.19,-1.12%,421000,0
06/10/2013,17.04,17.09,16.88,17,0.05,+0.29%,509000,0
06/07/2013,16.98,17.01,16.72,16.95,0.13,+0.77%,511200,0
06/06/2013,16.68,16.84,16.48,16.82,0.1,+0.60%,395200,0
06/05/2013,16.98,17.07,16.72,16.72,-0.28,-1.65%,420100,0
06/04/2013,17.15,17.34,16.85,17,-0.11,-0.64%,436500,0
06/03/2013,17.21,17.4,16.92,17.11,-0.05,-0.29%,850600,0
05/31/2013,17.35,17.42,17.14,17.16,-0.29,-1.66%,389000,0
05/30/2013,17.32,17.51,17.29,17.45,0.17,+0.98%,386700,0
05/29/2013,17.3,17.44,17.2,17.28,-0.15,-0.86%,553300,0
05/28/2013,17.59,17.79,17.27,17.43,0.09,+0.52%,603800,0
05/24/2013,17.28,17.37,17.13,17.34,-0.07,-0.40%,657600,0
05/23/2013,17.4,17.53,17.25,17.41,-0.15,-0.85%,722600,0
05/22/2013,17.69,18.06,17.4,17.56,-0.08,-0.45%,1277800,0
05/21/2013,17.75,17.85,17.57,17.64,-0.05,-0.28%,641400,0
05/20/2013,17.45,17.79,17.44,17.69,0.19,+1.09%,829700,0
05/17/2013,17.28,17.57,17.28,17.5,0.25,+1.45%,536100,0
05/16/2013,17.29,17.51,17.24,17.25,-0.12,-0.69%,589800,0
05/15/2013,17.01,17.41,16.99,17.37,0.29,+1.70%,490200,0
05/14/2013,16.69,17.1,16.69,17.08,0.29,+1.73%,498100,0
05/13/2013,16.68,16.95,16.56,16.79,0.06,+0.36%,376500,0
05/10/2013,16.69,16.8,16.62,16.73,0.07,+0.42%,372500,0
05/09/2013,16.7,16.81,16.62,16.66,-0.04,-0.24%,369400,0
05/08/2013,16.63,16.79,16.53,16.7,0.02,+0.12%,390600,0
05/07/2013,16.32,16.69,16.24,16.68,0.39,+2.39%,897600,0
05/06/2013,16.1,16.31,16,16.29,0.21,+1.31%,547700,0
05/03/2013,15.93,16.13,15.93,16.08,0.38,+2.42%,718000,0
05/02/2013,15.59,15.81,15.56,15.7,0.18,+1.16%,411100,0
05/01/2013,15.91,16,15.52,15.52,-0.48,-3.00%,843300,0
04/30/2013,15.94,16,15.86,16,0.04,+0.25%,442400,0
04/29/2013,15.86,16,15.86,15.96,0.14,+0.88%,512200,0
04/26/2013,16.08,16.08,15.72,15.82,-0.33,-2.04%,914700,0
04/25/2013,16,16.24,15.99,16.15,0.16,+1.00%,596400,0
04/24/2013,15.8,16.07,15.79,15.99,0.19,+1.20%,955300,0
04/23/2013,15.33,15.94,15.3,15.8,0.73,+4.84%,1117200,0
04/22/2013,14.99,15.25,14.79,15.07,0.15,+1.01%,976100,0
04/19/2013,14.94,14.94,14.72,14.92,0.05,+0.34%,1080100,0
04/18/2013,15.15,15.17,14.73,14.87,-0.23,-1.52%,954400,0
04/17/2013,15.24,15.24,15.01,15.1,-0.25,-1.63%,875500,0
04/16/2013,15.19,15.37,15.16,15.35,0.24,+1.59%,564600,0
04/15/2013,15.64,15.66,15.07,15.11,-0.62,-3.94%,856000,0
04/12/2013,15.83,15.87,15.7,15.73,-0.13,-0.82%,682800,0
04/11/2013,15.91,15.96,15.81,15.86,-0.1,-0.63%,407800,0
04/10/2013,15.8,15.98,15.73,15.96,0.24,+1.53%,881500,0
04/09/2013,15.79,15.85,15.65,15.72,-0.07,-0.44%,402000,0
04/08/2013,15.74,15.79,15.5,15.79,0.08,+0.51%,477100,0
04/05/2013,15.52,15.72,15.44,15.71,-0.09,-0.57%,679500,0
04/04/2013,15.69,15.84,15.62,15.8,0.16,+1.02%,485300,0
04/03/2013,15.87,15.89,15.56,15.64,-0.21,-1.32%,766600,0
04/02/2013,15.98,16.12,15.82,15.85,-0.01,-0.06%,590400,0
04/01/2013,16.28,16.3,15.74,15.86,-0.44,-2.70%,834300,0
03/28/2013,16.38,16.4,16.28,16.3,-0.04,-0.24%,672000,0
03/27/2013,16.29,16.41,16.16,16.34,-0.04,-0.24%,624300,0
03/26/2013,16.39,16.47,16.25,16.38,0.06,+0.37%,407700,0
03/25/2013,16.44,16.48,16.22,16.32,0.02,+0.12%,727900,0
03/22/2013,16.26,16.52,16.14,16.3,0.11,+0.68%,884100,0
03/21/2013,16.3,16.36,16.17,16.19,-0.21,-1.28%,715800,0
03/20/2013,16.32,16.47,16.16,16.4,0.18,+1.11%,550600,0
03/19/2013,16.02,16.28,15.99,16.22,0.27,+1.69%,1038500,0
03/18/2013,15.8,16.04,15.78,15.95,-0.07,-0.44%,570400,0
03/15/2013,16.05,16.1,15.88,16.02,0.06,+0.38%,1208100,0
03/14/2013,15.79,15.96,15.66,15.96,0.19,+1.20%,431800,0
03/13/2013,15.62,15.86,15.55,15.77,0.14,+0.90%,326000,0
03/12/2013,15.67,15.68,15.53,15.63,-0.03,-0.19%,282100,0
03/11/2013,15.69,15.74,15.61,15.66,-0.03,-0.19%,338500,0
03/08/2013,15.96,16.04,15.54,15.69,-0.09,-0.57%,752100,0
03/07/2013,15.61,15.95,15.59,15.78,0.18,+1.15%,611200,0
03/06/2013,15.55,15.72,15.49,15.6,0.13,+0.84%,667200,0
03/05/2013,15.2,15.59,15.19,15.47,0.34,+2.25%,1307400,0
03/04/2013,15.13,15.23,14.88,15.13,-0.02,-0.13%,604800,0
03/01/2013,15.22,15.46,15,15.15,-0.15,-0.98%,1187400,0
02/28/2013,15.14,15.49,15.06,15.3,0.28,+1.86%,1270600,0
02/27/2013,14.71,15.13,14.71,15.02,0.27,+1.83%,891100,0
02/26/2013,14.7,14.8,14.46,14.75,0.11,+0.75%,706100,0
02/25/2013,14.99,14.99,14.61,14.64,-0.25,-1.68%,1002900,0
02/22/2013,14.74,14.89,14.68,14.89,0.27,+1.85%,363200,0
02/21/2013,14.8,14.92,14.5,14.62,-0.19,-1.28%,352300,0
02/20/2013,15.14,15.2,14.81,14.81,-0.32,-2.12%,456700,0
02/19/2013,15.01,15.14,15.01,15.13,0.11,+0.73%,556200,0
02/15/2013,14.99,15.09,14.92,15.02,0.07,+0.47%,436300,0
02/14/2013,14.9,15,14.85,14.95,0.01,+0.07%,335400,0
02/13/2013,14.9,15.02,14.82,14.94,0.08,+0.54%,303400,0
02/12/2013,14.76,14.93,14.73,14.86,0.11,+0.75%,425200,0
02/11/2013,14.77,14.91,14.68,14.75,-0.03,-0.20%,331500,0
02/08/2013,14.73,14.84,14.73,14.78,0.09,+0.61%,295300,0
02/07/2013,14.62,14.74,14.53,14.69,0.08,+0.55%,521500,0
02/06/2013,14.51,14.63,14.48,14.61,0.08,+0.55%,354300,0
02/05/2013,14.46,14.59,14.43,14.53,0.18,+1.25%,425200,0
02/04/2013,14.63,14.73,14.3,14.35,-0.37,-2.51%,615600,0
02/01/2013,14.59,14.75,14.5,14.72,0.22,+1.52%,595600,0
01/31/2013,14.49,14.63,14.36,14.5,-0.03,-0.21%,598100,0
01/30/2013,14.68,14.71,14.47,14.53,-0.18,-1.22%,506800,0
01/29/2013,14.68,14.77,14.56,14.71,0.01,+0.07%,725000,0
01/28/2013,14.38,14.75,14.37,14.7,0.36,+2.51%,973300,0
01/25/2013,14.35,14.4,14.17,14.34,0.06,+0.42%,668400,0
01/24/2013,14.55,14.73,14.14,14.28,-0.84,-5.56%,1346600,0
01/23/2013,15.16,15.23,15.03,15.12,-0.01,-0.07%,466100,0
01/22/2013,15.12,15.17,15.05,15.13,0.04,+0.27%,412300,0
01/18/2013,15.04,15.1,14.91,15.09,0.03,+0.20%,328400,0
01/17/2013,14.93,15.1,14.81,15.06,0.18,+1.21%,464400,0
01/16/2013,14.71,14.93,14.65,14.88,0.12,+0.81%,426000,0
01/15/2013,14.56,14.8,14.53,14.76,0.11,+0.75%,440800,0
01/14/2013,14.68,14.75,14.52,14.65,-0.04,-0.27%,647100,0
01/11/2013,14.75,14.78,14.5,14.69,-0.07,-0.47%,991200,0
01/10/2013,14.93,15.14,14.66,14.76,-0.1,-0.67%,909600,0
01/09/2013,15.01,15.14,14.79,14.86,-0.1,-0.67%,517100,0
01/08/2013,15.08,15.14,14.92,14.96,-0.08,-0.53%,561100,0
01/07/2013,15.1,15.1,14.95,15.04,-0.06,-0.40%,990200,0
01/04/2013,14.81,15.1,14.63,15.1,0.03,+0.20%,1024600,0
01/03/2013,15,15.12,14.9,15.07,0.07,+0.47%,945000,0
01/02/2013,14.94,15.03,14.78,15,0.46,+3.16%,1205000,0
12/31/2012,14.38,14.56,14.27,14.54,0.2,+1.39%,397300,0
12/28/2012,14.32,14.46,14.24,14.34,-0.05,-0.35%,447900,0
12/27/2012,14.45,14.48,14.05,14.39,-0.05,-0.35%,492300,0
12/26/2012,14.57,14.6,14.37,14.44,-0.11,-0.76%,215600,0
12/24/2012,14.45,14.58,14.32,14.55,0.04,+0.28%,265800,0
12/21/2012,14.46,14.73,14.39,14.51,-0.23,-1.56%,1486400,0
12/20/2012,14.83,14.94,14.53,14.74,-0.04,-0.27%,995100,0
12/19/2012,14.65,14.89,14.5,14.78,0.11,+0.75%,979900,0
12/18/2012,14.06,14.69,13.99,14.67,0.66,+4.71%,1021200,0
12/17/2012,13.76,14.11,13.69,14.01,0.33,+2.41%,511600,0
12/14/2012,13.61,13.83,13.61,13.68,0.04,+0.29%,504500,0
12/13/2012,13.75,13.85,13.61,13.64,-0.11,-0.80%,471700,0
12/12/2012,13.8,13.9,13.7,13.75,-0.03,-0.22%,591500,0
12/11/2012,13.66,13.88,13.59,13.78,0.17,+1.25%,491100,0
12/10/2012,13.52,13.69,13.49,13.61,0.08,+0.59%,276000,0
12/07/2012,13.6,13.72,13.48,13.53,-0.04,-0.29%,239100,0
12/06/2012,13.5,13.58,13.45,13.57,0.05,+0.37%,199100,0
12/05/2012,13.44,13.64,13.3,13.52,0.14,+1.05%,795600,0
12/04/2012,13.34,13.58,13.25,13.38,0.06,+0.45%,320600,0
12/03/2012,13.32,13.49,13.15,13.32,0.09,+0.68%,450500,0
11/30/2012,13.48,13.48,13.09,13.23,-0.21,-1.56%,726500,0
11/29/2012,13.4,13.49,13.33,13.44,0.09,+0.67%,370000,0
11/28/2012,13.31,13.4,13.15,13.35,0.01,+0.07%,714200,0
11/27/2012,13.03,13.6,12.88,13.34,0.33,+2.54%,869500,0
11/26/2012,13.39,13.43,12.76,13.01,-0.55,-4.06%,1674800,0
11/23/2012,13.18,13.56,13.16,13.56,0.43,+3.27%,233100,0
11/21/2012,13.12,13.17,13,13.13,0.03,+0.23%,162200,0
11/20/2012,13.03,13.18,12.98,13.1,0.02,+0.15%,309000,0
11/19/2012,13.09,13.2,13.01,13.08,0.12,+0.93%,391600,0
11/16/2012,12.69,12.98,12.55,12.96,0.25,+1.97%,462200,0
11/15/2012,12.77,12.85,12.63,12.71,-0.09,-0.70%,419700,0
11/14/2012,13.13,13.16,12.76,12.8,-0.31,-2.36%,591600,0
11/13/2012,13.26,13.48,13.1,13.11,-0.22,-1.65%,529100,0
11/12/2012,13.34,13.41,13.21,13.33,0,0.00%,382800,0
11/09/2012,13.14,13.44,13.14,13.33,0.14,+1.06%,442700,0
11/08/2012,13.42,13.54,13.19,13.19,-0.21,-1.57%,327600,0
11/07/2012,13.9,13.92,13.28,13.4,-0.67,-4.76%,737500,0
11/06/2012,14.09,14.27,14.03,14.07,0.06,+0.43%,519600,0
11/05/2012,14.05,14.08,13.78,14.01,-0.03,-0.21%,250700,0
11/02/2012,14.53,14.53,14.01,14.04,-0.4,-2.77%,406200,0
11/01/2012,14.13,14.45,13.94,14.44,0.29,+2.05%,669500,0
10/31/2012,14.09,14.15,13.94,14.15,0.07,+0.50%,247400,0
10/26/2012,14.33,14.33,14,14.08,-0.17,-1.19%,266600,0
10/25/2012,14.27,14.41,14.12,14.25,0.07,+0.49%,391800,0
10/24/2012,14.14,14.28,14.02,14.18,0.12,+0.85%,751100,0
10/23/2012,13.81,14.1,13.81,14.06,0.01,+0.07%,1030500,0
10/22/2012,13.8,14.17,13.25,14.05,-0.05,-0.35%,898200,0
10/19/2012,13.86,14.17,13.75,14.1,0.06,+0.43%,673100,0
10/18/2012,14.18,14.25,13.91,14.04,-0.15,-1.06%,634600,0
10/17/2012,13.96,14.21,13.96,14.19,0.26,+1.87%,412500,0
10/16/2012,14.17,14.29,13.87,13.93,-0.19,-1.35%,569300,0
10/15/2012,14.25,14.33,14.01,14.12,-0.08,-0.56%,312000,0
10/12/2012,14.7,14.7,14.17,14.2,-0.61,-4.12%,530100,0
10/11/2012,14.96,14.98,14.77,14.81,0,0.00%,375200,0
10/10/2012,14.77,14.92,14.69,14.81,0.08,+0.54%,347400,0
10/09/2012,14.85,14.89,14.63,14.73,-0.09,-0.61%,272200,0
10/08/2012,14.85,14.9,14.74,14.82,-0.08,-0.54%,173300,0
10/05/2012,14.79,15,14.74,14.9,0.22,+1.50%,481800,0
10/04/2012,14.47,14.71,14.38,14.68,0.3,+2.09%,607600,0
10/03/2012,14.51,14.67,14.34,14.38,-0.14,-0.96%,662200,0
10/02/2012,14.56,14.63,14.42,14.52,-0.01,-0.07%,566500,0
10/01/2012,14.8,14.86,14.47,14.53,-0.21,-1.42%,625100,0
09/28/2012,14.8,14.84,14.7,14.74,-0.16,-1.07%,321700,0
09/27/2012,14.92,15.01,14.81,14.9,0.03,+0.20%,270700,0
09/26/2012,14.99,15.07,14.83,14.87,-0.11,-0.73%,412500,0
09/25/2012,15.25,15.44,14.96,14.98,-0.33,-2.16%,680200,0
09/24/2012,15.11,15.32,15.04,15.31,0.16,+1.06%,891000,0
09/21/2012,15.29,15.45,15.15,15.15,-0.07,-0.46%,1843900,0
09/20/2012,15.19,15.31,15.14,15.22,-0.1,-0.65%,266100,0
09/19/2012,15.33,15.44,15.3,15.32,0.05,+0.33%,448400,0
09/18/2012,15.35,15.5,15.24,15.27,-0.12,-0.78%,532900,0
09/17/2012,15.54,15.55,15.32,15.39,-0.18,-1.16%,441900,0
09/14/2012,15.42,15.69,15.33,15.57,0.24,+1.57%,713300,0
09/13/2012,15.25,15.37,15.09,15.33,0.09,+0.59%,723700,0
09/12/2012,15.25,15.3,15.1,15.24,0.04,+0.26%,562600,0
09/11/2012,15.08,15.21,14.81,15.2,0.16,+1.06%,414100,0
09/10/2012,15.23,15.33,15.01,15.04,-0.21,-1.38%,349600,0
09/07/2012,15.33,15.38,15.21,15.25,0,0.00%,506400,0
09/06/2012,14.93,15.37,14.92,15.25,0.36,+2.42%,796400,0
09/05/2012,14.89,14.96,14.65,14.89,0.07,+0.47%,387200,0
09/04/2012,14.72,14.88,14.54,14.82,0.08,+0.54%,478100,0
08/31/2012,14.85,14.87,14.6,14.74,0.03,+0.20%,374500,0
08/30/2012,14.77,14.8,14.64,14.71,-0.14,-0.94%,244300,0
08/29/2012,14.8,14.93,14.77,14.85,0.07,+0.47%,389000,0
08/28/2012,14.58,14.82,14.58,14.78,0.16,+1.09%,305300,0
08/27/2012,14.63,14.76,14.51,14.62,0.08,+0.55%,297900,0
08/24/2012,14.25,14.61,14.24,14.54,0.26,+1.82%,354600,0
08/23/2012,14.39,14.47,14.2,14.28,-0.11,-0.76%,378600,0
08/22/2012,14.5,14.61,14.38,14.39,-0.15,-1.03%,423700,0
08/21/2012,14.6,14.88,14.5,14.54,-0.04,-0.27%,370700,0
08/20/2012,14.59,14.66,14.42,14.58,-0.07,-0.48%,383100,0
08/17/2012,14.6,14.66,14.44,14.65,0.1,+0.69%,222700,0
08/16/2012,14.45,14.61,14.36,14.55,0.09,+0.62%,251700,0
08/15/2012,14.44,14.51,14.38,14.46,-0.02,-0.14%,319800,0
08/14/2012,14.51,14.56,14.4,14.48,0.06,+0.42%,374800,0
08/13/2012,14.41,14.47,14.19,14.42,-0.07,-0.48%,221300,0
08/10/2012,14.51,14.51,14.32,14.49,-0.02,-0.14%,207400,0
08/09/2012,14.64,14.67,14.47,14.51,-0.13,-0.89%,331900,0
08/08/2012,14.45,14.69,14.37,14.64,0.15,+1.04%,361000,0
08/07/2012,14.49,14.63,14.39,14.49,0.08,+0.56%,342500,0
08/06/2012,14.52,14.63,14.4,14.41,-0.06,-0.41%,623600,0
08/03/2012,14.15,14.52,14.05,14.47,0.59,+4.25%,649100,0
08/02/2012,13.89,14.05,13.81,13.88,-0.14,-1.00%,959000,0
08/01/2012,14.55,14.55,14.01,14.02,-0.47,-3.24%,498900,0
07/31/2012,14.41,14.64,14.41,14.49,-0.03,-0.21%,351500,0
07/30/2012,14.59,14.8,14.44,14.52,-0.09,-0.62%,317900,0
07/27/2012,14.27,14.79,14.18,14.61,0.37,+2.60%,472800,0
07/26/2012,14.57,14.59,14.18,14.24,-0.13,-0.90%,976500,0
07/25/2012,14.4,14.55,14.2,14.37,0.1,+0.70%,529700,0
07/24/2012,14.25,14.29,13.98,14.27,0.01,+0.07%,527800,0
07/23/2012,14.4,14.4,13.96,14.26,-0.43,-2.93%,921800,0
07/20/2012,14.83,14.86,14.68,14.69,-0.26,-1.74%,373300,0
07/19/2012,15.07,15.12,14.86,14.95,-0.08,-0.53%,576600,0
07/18/2012,15.16,15.29,14.98,15.03,-0.15,-0.99%,383900,0
07/17/2012,15.14,15.28,14.85,15.18,0.18,+1.20%,382200,0
07/16/2012,14.93,15.08,14.87,15,-0.03,-0.20%,301500,0
07/13/2012,14.68,15.1,14.59,15.03,0.39,+2.66%,462000,0
07/12/2012,14.54,14.73,14.43,14.64,-0.05,-0.34%,374500,0
07/11/2012,14.69,14.73,14.58,14.69,0.05,+0.34%,362800,0
07/10/2012,14.69,14.79,14.56,14.64,0,0.00%,661900,0
07/09/2012,14.7,14.86,14.55,14.64,-0.11,-0.75%,427000,0
07/06/2012,14.62,14.86,14.54,14.75,-0.06,-0.41%,291700,0
07/05/2012,14.84,14.93,14.77,14.81,-0.09,-0.60%,332200,0
07/03/2012,14.55,14.9,14.55,14.9,0.26,+1.78%,368900,0
07/02/2012,14.52,14.7,14.32,14.64,0.12,+0.83%,604300,0
06/29/2012,14.53,14.7,14.41,14.52,0.27,+1.89%,828500,0
06/28/2012,13.95,14.25,13.69,14.25,0.16,+1.14%,765300,0
06/27/2012,13.81,14.13,13.76,14.09,0.31,+2.25%,421400,0
06/26/2012,13.72,13.87,13.58,13.78,0.11,+0.80%,377500,0
06/25/2012,13.79,13.82,13.62,13.67,-0.33,-2.36%,462900,0
06/22/2012,14.01,14.12,13.94,14,0.19,+1.38%,965000,0
06/21/2012,14.2,14.3,13.79,13.81,-0.38,-2.68%,396600,0
06/20/2012,14.18,14.27,13.96,14.19,0.04,+0.28%,615300,0
06/19/2012,14.07,14.37,13.96,14.15,0.1,+0.71%,1186300,0
06/18/2012,13.67,14.15,13.58,14.05,0.29,+2.11%,1269100,0
06/15/2012,13.51,13.81,13.4,13.76,0.29,+2.15%,1116700,0
06/14/2012,13.12,13.53,13.09,13.47,0.4,+3.06%,528600,0
06/13/2012,13.12,13.38,13.02,13.07,-0.07,-0.53%,411100,0
06/12/2012,13.02,13.15,12.89,13.14,0.15,+1.15%,351200,0
06/11/2012,13.33,13.33,12.97,12.99,-0.16,-1.22%,543800,0
06/08/2012,12.89,13.2,12.71,13.15,0.25,+1.94%,329300,0
06/07/2012,12.89,13.19,12.82,12.9,0.11,+0.86%,505200,0
06/06/2012,12.66,12.79,12.59,12.79,0.18,+1.43%,622400,0
06/05/2012,12.49,12.75,12.49,12.61,0.04,+0.32%,476400,0
06/04/2012,12.91,12.91,12.48,12.57,-0.28,-2.18%,417900,0
06/01/2012,13.25,13.26,12.82,12.85,-0.64,-4.74%,699700,0
05/31/2012,13.3,13.6,13.14,13.49,0.2,+1.50%,603600,0
05/30/2012,13.4,13.44,13.22,13.29,-0.29,-2.14%,491500,0
05/29/2012,13.54,13.59,13.37,13.58,0.17,+1.27%,403600,0
05/25/2012,13.42,13.56,13.3,13.41,-0.04,-0.30%,306500,0
05/24/2012,13.44,13.45,13.15,13.45,0.05,+0.37%,455600,0
05/23/2012,13.26,13.45,13.03,13.4,-0.02,-0.15%,631200,0
05/22/2012,13.24,13.66,13.24,13.42,0.18,+1.36%,1143500,0
05/21/2012,13.23,13.34,13.07,13.24,0.06,+0.46%,860400,0
05/18/2012,13.23,13.34,13.15,13.18,-0.05,-0.38%,854100,0
05/17/2012,13.52,13.53,13.23,13.23,-0.29,-2.14%,700000,0
05/16/2012,13.74,13.78,13.44,13.52,-0.13,-0.95%,931700,0
05/15/2012,13.48,13.86,13.4,13.65,0.13,+0.96%,1259000,0
05/14/2012,13.17,13.57,13.16,13.52,0.16,+1.20%,952500,0
05/11/2012,13.18,13.46,13.12,13.36,0.02,+0.15%,938400,0
05/10/2012,13.42,13.46,13.21,13.34,0.1,+0.76%,538300,0
05/09/2012,13.21,13.32,13.05,13.24,-0.2,-1.49%,564500,0
05/08/2012,13.19,13.46,13.18,13.44,0.1,+0.75%,702600,0
05/07/2012,13.17,13.43,13.14,13.34,0.1,+0.76%,497200,0
05/04/2012,13.36,13.41,13.03,13.24,-0.23,-1.71%,691700,0
05/03/2012,13.5,13.53,13.26,13.47,0,0.00%,724900,0
05/02/2012,13.35,13.59,13.23,13.47,0.01,+0.07%,534700,0
05/01/2012,13.45,13.81,13.33,13.46,-0.01,-0.07%,1046500,0
04/30/2012,13.84,13.91,13.43,13.47,-0.41,-2.95%,637700,0
04/27/2012,13.91,14,13.74,13.88,0.07,+0.51%,757800,0
04/26/2012,13.64,13.97,13.64,13.81,0.18,+1.32%,587400,0
04/25/2012,13.36,13.69,13.34,13.63,0.46,+3.49%,1061000,0
04/24/2012,12.98,13.41,12.98,13.17,0.32,+2.49%,1056700,0
04/23/2012,12.71,12.92,12.56,12.85,-0.1,-0.77%,667700,0
04/20/2012,13.02,13.16,12.85,12.95,0.12,+0.94%,604700,0
04/19/2012,12.82,12.97,12.63,12.83,0.06,+0.47%,604300,0
04/18/2012,12.81,12.97,12.72,12.77,-0.14,-1.08%,569000,0
04/17/2012,12.82,13.09,12.79,12.91,0.24,+1.89%,688500,0
04/16/2012,12.61,12.77,12.46,12.67,0.19,+1.52%,584500,0
04/13/2012,12.9,12.93,12.46,12.48,-0.52,-4.00%,637500,0
04/12/2012,12.83,13.04,12.82,13,0.17,+1.33%,438600,0
04/11/2012,12.67,12.87,12.52,12.83,0.36,+2.89%,691500,0
04/10/2012,12.74,12.83,12.4,12.47,-0.27,-2.12%,740500,0
04/09/2012,12.76,12.87,12.69,12.74,-0.28,-2.15%,500700,0
04/05/2012,13.05,13.21,13,13.02,-0.12,-0.91%,359700,0
04/04/2012,13.34,13.42,13,13.14,-0.39,-2.88%,656200,0
04/03/2012,13.48,13.54,13.33,13.53,-0.03,-0.22%,553300,0
04/02/2012,13.42,13.63,13.3,13.56,0.09,+0.67%,757600,0
03/30/2012,13.72,13.75,13.41,13.47,-0.11,-0.81%,498400,0
03/29/2012,13.59,13.63,13.3,13.58,-0.17,-1.24%,602100,0
03/28/2012,13.7,13.87,13.5,13.75,0.03,+0.22%,696000,0
03/27/2012,13.73,13.87,13.63,13.72,0.02,+0.15%,476100,0
03/26/2012,13.76,13.83,13.58,13.7,0.1,+0.74%,916900,0
03/23/2012,13.52,13.64,13.39,13.6,0.08,+0.59%,441800,0
03/22/2012,13.66,13.71,13.42,13.52,-0.29,-2.10%,505800,0
03/21/2012,13.89,13.98,13.73,13.81,-0.05,-0.36%,389200,0
03/20/2012,13.81,14,13.7,13.86,-0.12,-0.86%,380100,0
03/19/2012,13.85,14.21,13.57,13.98,0.15,+1.08%,519900,0
03/16/2012,13.67,13.95,13.55,13.83,0.15,+1.10%,1249900,0
03/15/2012,13.37,13.75,13.19,13.68,0.36,+2.70%,636000,0
03/14/2012,13.16,13.49,12.98,13.32,0.13,+0.99%,929100,0
03/13/2012,12.47,13.22,12.47,13.19,0.91,+7.41%,2841300,0
03/12/2012,12.28,12.34,12.09,12.28,0.03,+0.24%,489600,0
03/09/2012,12.05,12.43,12.01,12.25,0.19,+1.58%,433400,0
03/08/2012,11.7,12.07,11.55,12.06,0.41,+3.52%,628600,0
03/07/2012,11.58,11.71,11.44,11.65,0.15,+1.30%,346200,0
03/06/2012,11.79,11.79,11.43,11.5,-0.45,-3.77%,558000,0
03/05/2012,11.79,12,11.69,11.95,0.1,+0.84%,457400,0
03/02/2012,12.16,12.25,11.81,11.85,-0.34,-2.79%,579900,0
03/01/2012,11.9,12.44,11.9,12.19,0.35,+2.96%,749400,0
02/29/2012,12.07,12.24,11.84,11.84,-0.18,-1.50%,461200,0
02/28/2012,12.01,12.16,11.89,12.02,0,0.00%,373100,0
02/27/2012,11.82,12.12,11.72,12.02,0.07,+0.59%,412100,0
02/24/2012,11.93,12.04,11.75,11.95,0,0.00%,461000,0
02/23/2012,11.57,11.99,11.47,11.95,0.41,+3.55%,469600,0
02/22/2012,11.9,11.9,11.52,11.54,-0.4,-3.35%,637200,0
02/21/2012,12,12.04,11.78,11.94,-0.05,-0.42%,450900,0
02/17/2012,12,12.09,11.93,11.99,0,0.00%,419900,0
02/16/2012,11.76,12.21,11.73,11.99,0.24,+2.04%,725700,0
02/15/2012,11.77,11.94,11.68,11.75,0.05,+0.43%,724800,0
02/14/2012,11.83,11.9,11.57,11.7,-0.21,-1.76%,458500,0
02/13/2012,11.92,11.99,11.78,11.91,0.18,+1.53%,314500,0
02/10/2012,11.84,11.92,11.7,11.73,-0.21,-1.76%,404900,0
02/09/2012,12.07,12.1,11.84,11.94,-0.13,-1.08%,704400,0
02/08/2012,12.03,12.23,11.83,12.07,0,0.00%,541800,0
02/07/2012,12.24,12.29,12.04,12.07,-0.22,-1.79%,644300,0
02/06/2012,12.38,12.45,12.25,12.29,-0.12,-0.97%,394400,0
02/03/2012,12,12.7,11.97,12.41,0.64,+5.44%,1431800,0
02/02/2012,11.66,11.83,11.52,11.77,0.17,+1.47%,688300,0
02/01/2012,11.37,11.72,11.25,11.6,0.37,+3.29%,1062000,0
01/31/2012,11.36,11.48,11.18,11.23,-0.1,-0.88%,2094100,0
01/30/2012,11.43,11.47,11.26,11.33,-0.21,-1.82%,810800,0
01/27/2012,11.32,11.61,11.3,11.54,0.15,+1.32%,739400,0
01/26/2012,11.95,11.97,11.2,11.39,-0.54,-4.53%,1536000,0
01/25/2012,11.84,12,11.82,11.93,0.03,+0.25%,774600,0
01/24/2012,11.65,11.92,11.48,11.9,0.12,+1.02%,1030900,0
01/23/2012,11.7,11.84,11.53,11.78,0.11,+0.94%,1115800,0
01/20/2012,11.32,11.68,11.17,11.67,0.27,+2.37%,1872000,0
01/19/2012,11.47,11.7,11.22,11.4,0.51,+4.68%,8284300,0
01/18/2012,11.05,11.5,10.85,10.89,-1.3,-10.66%,3123600,0
01/17/2012,12.43,12.6,12.1,12.19,-0.13,-1.06%,644500,0
01/13/2012,12.17,12.37,11.99,12.32,-0.03,-0.24%,497100,0
01/12/2012,12.42,12.49,12.07,12.35,-0.01,-0.08%,558900,0
01/11/2012,12.25,12.46,12.06,12.36,0.11,+0.90%,1141100,0
01/10/2012,12.36,12.58,12.22,12.25,0.09,+0.74%,827800,0
01/09/2012,12.1,12.25,12.02,12.16,0.1,+0.83%,469200,0
01/06/2012,12.07,12.18,11.8,12.06,0.04,+0.33%,430900,0
01/05/2012,11.67,12.17,11.58,12.02,0.28,+2.39%,1150400,0
01/04/2012,11.32,11.78,11.3,11.74,0.31,+2.71%,856100,0
01/03/2012,11.35,11.59,11.25,11.43,0.41,+3.72%,802600,0
12/30/2011,11.12,11.13,11.01,11.02,-0.13,-1.17%,352000,0
12/29/2011,11,11.24,10.95,11.15,0.22,+2.01%,407800,0
12/28/2011,11.19,11.21,10.85,10.93,-0.27,-2.41%,405500,0
12/27/2011,11.03,11.3,11,11.2,0.1,+0.90%,361300,0
12/23/2011,11.28,11.36,11.05,11.1,-0.09,-0.80%,395400,0
12/22/2011,10.85,11.39,10.85,11.19,0.39,+3.61%,802200,0
12/21/2011,10.54,10.89,10.4,10.8,0.21,+1.98%,724300,0
12/20/2011,10.35,10.7,10.34,10.59,0.49,+4.85%,767000,0
12/19/2011,10.43,10.55,10.05,10.1,-0.26,-2.51%,632500,0
12/16/2011,10.23,10.66,10.15,10.36,0.23,+2.27%,1496000,0
12/15/2011,10.16,10.2,9.96,10.13,0.14,+1.40%,673900,0
12/14/2011,10.06,10.26,9.96,9.99,-0.18,-1.77%,756400,0
12/13/2011,10.41,10.67,10.05,10.17,-0.16,-1.55%,1098900,0
12/12/2011,10.3,10.47,10.17,10.33,-0.13,-1.24%,879400,0
12/09/2011,10.11,10.56,10.05,10.46,0.45,+4.50%,836600,0
12/08/2011,10.17,10.22,9.96,10.01,-0.27,-2.63%,851100,0
12/07/2011,10.03,10.41,9.89,10.28,0.2,+1.98%,872300,0
12/06/2011,9.93,10.17,9.85,10.08,0.14,+1.41%,861200,0
12/05/2011,10.05,10.05,9.85,9.94,0.06,+0.61%,924000,0
12/02/2011,9.82,9.99,9.76,9.88,0.19,+1.96%,634800,0
12/01/2011,9.79,9.91,9.66,9.69,-0.11,-1.12%,1328400,0
11/30/2011,9.39,9.82,9.32,9.8,0.85,+9.50%,890900,0
11/29/2011,8.96,9.09,8.87,8.95,0.02,+0.22%,541000,0
11/28/2011,8.89,9.03,8.81,8.93,0.36,+4.20%,636600,0
11/25/2011,8.58,8.82,8.57,8.57,-0.08,-0.92%,267700,0
11/23/2011,8.89,8.97,8.6,8.65,-0.32,-3.57%,723200,0
11/22/2011,9.09,9.18,8.85,8.97,-0.2,-2.18%,536700,0
11/21/2011,9.1,9.25,8.9,9.17,-0.12,-1.29%,710000,0
11/18/2011,9.27,9.4,9.18,9.29,0.03,+0.32%,712100,0
11/17/2011,9.36,9.64,9.21,9.26,-0.05,-0.54%,812000,0
11/16/2011,9.39,9.68,9.29,9.31,-0.19,-2.00%,1061500,0
11/15/2011,9.47,9.62,9.35,9.5,0.03,+0.32%,2342300,0
11/14/2011,9.76,9.8,9.37,9.47,-0.36,-3.66%,1300400,0
11/11/2011,9.98,10.16,9.79,9.83,-0.03,-0.30%,2558900,0
11/10/2011,9.87,10.03,9.75,9.86,0.16,+1.65%,545300,0
11/09/2011,10.11,10.15,9.68,9.7,-0.7,-6.73%,1080600,0
11/08/2011,10.11,10.45,9.96,10.4,0.41,+4.10%,942300,0
11/07/2011,9.93,10.1,9.72,9.99,0.03,+0.30%,467100,0
11/04/2011,9.96,10.06,9.84,9.96,-0.13,-1.29%,583300,0
11/03/2011,9.76,10.15,9.47,10.09,0.48,+4.99%,1069100,0
11/02/2011,9.42,9.66,9.33,9.61,0.32,+3.44%,652300,0
11/01/2011,9.45,9.7,9.22,9.29,-0.48,-4.91%,1315200,0
10/31/2011,10.03,10.15,9.76,9.77,-0.42,-4.12%,766700,0
10/28/2011,10.28,10.35,10.13,10.19,-0.09,-0.88%,1059400,0
10/27/2011,10.06,10.5,9.93,10.28,0.66,+6.86%,1983000,0
10/26/2011,9.51,9.68,9.14,9.62,0.29,+3.11%,1278500,0
10/25/2011,10.5,10.5,9.32,9.33,-1.66,-15.10%,1823200,0
10/24/2011,10.67,11.13,10.48,10.99,0.34,+3.19%,1268900,0
10/21/2011,10.71,10.76,10.36,10.65,0.17,+1.62%,1641200,0
10/20/2011,10.38,10.58,10.03,10.48,0.13,+1.26%,922100,0
10/19/2011,10.44,10.69,10.18,10.35,-0.15,-1.43%,1038400,0
10/18/2011,9.75,10.63,9.72,10.5,0.83,+8.58%,797000,0
10/17/2011,10.16,10.23,9.62,9.67,-0.64,-6.21%,792400,0
10/14/2011,10.25,10.38,10.01,10.31,0.21,+2.08%,536800,0
10/13/2011,10.21,10.24,9.86,10.1,-0.2,-1.94%,603400,0
10/12/2011,9.98,10.5,9.93,10.3,0.38,+3.83%,825400,0
10/11/2011,9.67,10,9.6,9.92,0.1,+1.02%,814300,0
10/10/2011,9.57,9.85,9.54,9.82,0.47,+5.03%,1006600,0
10/07/2011,9.77,9.77,9.15,9.35,-0.39,-4.00%,1168700,0
10/06/2011,9.47,9.75,9.31,9.74,0.29,+3.07%,1077800,0
10/05/2011,9.16,9.59,8.86,9.45,0.2,+2.16%,1949500,0
10/04/2011,8.26,9.27,8.23,9.25,0.91,+10.91%,1197900,0
10/03/2011,8.74,8.95,8.32,8.34,-0.44,-5.01%,1097500,0
09/30/2011,9.21,9.32,8.77,8.78,-0.58,-6.20%,983300,0
09/29/2011,9.04,9.37,9,9.36,0.54,+6.12%,1116600,0
09/28/2011,9.41,9.45,8.81,8.82,-0.57,-6.07%,873900,0
09/27/2011,9.18,9.62,9.18,9.39,0.38,+4.22%,1444300,0
09/26/2011,8.91,9.02,8.61,9.01,0.19,+2.15%,1270700,0
09/23/2011,8.91,8.99,8.72,8.82,-0.09,-1.01%,1543200,0
09/22/2011,8.87,9.1,8.67,8.91,-0.11,-1.22%,2288000,0
09/21/2011,9.84,9.84,9.01,9.02,-0.73,-7.49%,884100,0
09/20/2011,9.87,10,9.72,9.75,-0.12,-1.22%,777000,0
09/19/2011,10.13,10.22,9.66,9.87,-0.44,-4.27%,898200,0
09/16/2011,10.4,10.44,10.13,10.31,-0.07,-0.67%,1398900,0
09/15/2011,10.46,10.56,10.23,10.38,0.04,+0.39%,875300,0
09/14/2011,10.22,10.5,10,10.34,0.19,+1.87%,756200,0
09/13/2011,10.03,10.39,9.96,10.15,0.13,+1.30%,801900,0
09/12/2011,9.84,10.21,9.73,10.02,0.06,+0.60%,698800,0
09/09/2011,10.2,10.29,9.7,9.96,-0.37,-3.58%,866600,0
09/08/2011,10.5,10.66,10.24,10.33,-0.26,-2.46%,539500,0
09/07/2011,10.25,10.64,10.25,10.59,0.53,+5.27%,821500,0
09/06/2011,9.84,10.17,9.74,10.06,-0.05,-0.49%,886500,0
09/02/2011,10.43,10.62,9.98,10.11,-0.64,-5.95%,888300,0
09/01/2011,11.29,11.38,10.72,10.75,-0.54,-4.78%,786000,0
08/31/2011,11.46,11.47,11.2,11.29,-0.13,-1.14%,1015800,0
08/30/2011,11.46,11.58,11.18,11.42,-0.13,-1.13%,1004100,0
08/29/2011,10.86,11.56,10.82,11.55,0.83,+7.74%,822100,0
08/26/2011,10.42,10.84,10.24,10.72,0.18,+1.71%,575100,0
08/25/2011,11.02,11.46,10.44,10.54,-0.31,-2.86%,795900,0
08/24/2011,10.47,10.87,10.46,10.85,0.32,+3.04%,600900,0
08/23/2011,9.99,10.54,9.88,10.53,0.59,+5.94%,919800,0
08/22/2011,10.25,10.34,9.91,9.94,-0.04,-0.40%,645500,0
08/19/2011,10.19,10.48,9.98,9.98,-0.31,-3.01%,907800,0
08/18/2011,10.71,10.71,9.99,10.29,-0.55,-5.07%,1453100,0
08/17/2011,10.95,11.1,10.74,10.84,-0.07,-0.64%,761100,0
08/16/2011,10.84,11.09,10.74,10.91,-0.16,-1.45%,1205700,0
08/15/2011,10.92,11.15,10.8,11.07,0.24,+2.22%,753400,0
08/12/2011,11.25,11.29,10.79,10.83,-0.29,-2.61%,1247600,0
08/11/2011,10.6,11.21,10.57,11.12,0.46,+4.32%,1474900,0
08/10/2011,11.01,11.19,10.63,10.66,-0.6,-5.33%,2200200,0
08/09/2011,11.04,11.26,10.35,11.26,0.41,+3.78%,2042200,0
08/08/2011,11.6,11.94,10.81,10.85,-1.07,-8.98%,2977000,0
08/05/2011,12.43,12.59,11.77,11.92,-0.43,-3.48%,1523900,0
08/04/2011,12.75,12.8,12.33,12.35,-0.55,-4.26%,1723900,0
08/03/2011,12.96,13,12.59,12.9,-0.04,-0.31%,1687200,0
08/02/2011,13.32,13.39,12.93,12.94,-0.41,-3.07%,906300,0
08/01/2011,13.68,13.69,13.18,13.35,-0.19,-1.40%,1191700,0
07/29/2011,13.58,13.82,13.51,13.54,-0.14,-1.02%,1352400,0
07/28/2011,13.95,14,13.65,13.68,-0.33,-2.36%,1145700,0
07/27/2011,14.24,14.35,13.95,14.01,-0.26,-1.82%,1583600,0
07/26/2011,13.54,14.35,13.53,14.27,1.62,+12.81%,3607700,0
07/25/2011,12.43,12.75,12.29,12.65,0.16,+1.28%,970100,0
07/22/2011,12.65,12.66,12.32,12.49,-0.11,-0.87%,839200,0
07/21/2011,12.26,12.61,12.17,12.6,0.42,+3.45%,1451300,0
07/20/2011,11.9,12.19,11.79,12.18,0.33,+2.78%,781200,0
07/19/2011,11.7,11.92,11.63,11.85,0.19,+1.63%,611300,0
07/18/2011,11.91,11.95,11.57,11.66,-0.3,-2.51%,504000,0
07/15/2011,12.13,12.13,11.9,11.96,-0.13,-1.08%,744000,0
07/14/2011,12.24,12.24,11.96,12.09,-0.08,-0.66%,956900,0
07/13/2011,12.18,12.35,12.1,12.17,0.11,+0.91%,531000,0
07/12/2011,11.66,12.24,11.66,12.06,0.35,+2.99%,903500,0
07/11/2011,11.89,11.91,11.69,11.71,-0.3,-2.50%,656700,0
07/08/2011,12.12,12.12,11.88,12.01,-0.25,-2.04%,668900,0
07/07/2011,12.31,12.4,12.2,12.26,0.05,+0.41%,909600,0
07/06/2011,12.23,12.34,12.17,12.21,-0.07,-0.57%,669000,0
07/05/2011,12.57,12.58,12.22,12.28,-0.29,-2.31%,534700,0
07/01/2011,12.43,12.69,12.39,12.57,0.16,+1.29%,745200,0
06/30/2011,12.3,12.5,12.17,12.41,0.18,+1.47%,849700,0
06/29/2011,12.29,12.3,12.1,12.23,0.01,+0.08%,831600,0
06/28/2011,12.14,12.25,12.01,12.22,0.14,+1.16%,889700,0
06/27/2011,12.22,12.48,12.06,12.08,-0.13,-1.06%,1101100,0
06/24/2011,12.28,12.44,12.08,12.21,-0.08,-0.65%,8137300,0
06/23/2011,12.16,12.41,11.96,12.29,0.01,+0.08%,1280400,0
06/22/2011,12.4,12.44,12.27,12.28,-0.13,-1.05%,607900,0
06/21/2011,12.44,12.5,12.27,12.41,0.01,+0.08%,469400,0
06/20/2011,12.15,12.44,12.08,12.4,0.23,+1.89%,657700,0
06/17/2011,12.08,12.3,12.07,12.17,0.2,+1.67%,1033700,0
06/16/2011,12.02,12.03,11.87,11.97,-0.08,-0.66%,972000,0
06/15/2011,12.26,12.36,11.93,12.05,-0.31,-2.51%,1079500,0
06/14/2011,12.32,12.5,12.27,12.36,0.14,+1.15%,611400,0
06/13/2011,12.22,12.32,11.99,12.22,0.08,+0.66%,640500,0
06/10/2011,12.15,12.2,11.57,12.14,-0.09,-0.74%,1415300,0
06/09/2011,12.12,12.26,12.1,12.23,0.13,+1.07%,567400,0
06/08/2011,12.05,12.17,11.97,12.1,0.07,+0.58%,899500,0
06/07/2011,12,12.09,11.93,12.03,0.08,+0.67%,825100,0
06/06/2011,11.75,12.26,11.71,11.95,0.2,+1.70%,1310400,0
06/03/2011,12.01,12.06,11.74,11.75,-0.31,-2.57%,5212300,0
06/02/2011,12.25,12.25,11.64,12.06,-0.16,-1.31%,3214600,0
06/01/2011,12.8,12.8,12.21,12.22,-0.62,-4.83%,747000,0
05/31/2011,12.93,12.96,12.72,12.84,0.03,+0.23%,711500,0
05/27/2011,12.84,12.9,12.73,12.81,0.09,+0.71%,326300,0
05/26/2011,12.61,12.75,12.56,12.72,0.07,+0.55%,367300,0
05/25/2011,12.72,12.8,12.57,12.65,-0.12,-0.94%,327700,0
05/24/2011,12.82,12.87,12.66,12.77,-0.05,-0.39%,379800,0
05/23/2011,12.82,12.94,12.78,12.82,-0.13,-1.00%,403700,0
05/20/2011,13.1,13.26,12.93,12.95,-0.23,-1.75%,340500,0
05/19/2011,13.2,13.24,13.12,13.18,0.04,+0.30%,307500,0
05/18/2011,13.08,13.14,12.94,13.14,0.06,+0.46%,753800,0
05/17/2011,12.8,13.11,12.77,13.08,0.22,+1.71%,976300,0
05/16/2011,12.91,13.04,12.74,12.86,-0.07,-0.54%,690400,0
05/13/2011,13.06,13.11,12.86,12.93,-0.12,-0.92%,429200,0
05/12/2011,13.07,13.1,12.93,13.05,-0.07,-0.53%,1154600,0
05/11/2011,13.22,13.29,13.1,13.12,-0.09,-0.68%,534300,0
05/10/2011,13.29,13.4,13.2,13.21,0,0.00%,492600,0
05/09/2011,13.13,13.23,12.95,13.21,0.04,+0.30%,465400,0
05/06/2011,13.42,13.47,13.07,13.17,-0.09,-0.68%,577900,0
05/05/2011,13.56,13.61,13.2,13.26,-0.4,-2.93%,860300,0
05/04/2011,13.47,13.74,13.29,13.66,0.16,+1.19%,899500,0
05/03/2011,13.33,13.56,13.31,13.5,0.03,+0.22%,568200,0
05/02/2011,13.59,13.61,13.43,13.47,-0.08,-0.59%,878300,0
04/29/2011,13.63,13.69,13.43,13.55,-0.15,-1.09%,849600,0
04/28/2011,13.97,13.99,13.41,13.7,-0.46,-3.25%,1481700,0
04/27/2011,14.12,14.27,13.9,14.16,0.03,+0.21%,1536400,0
04/26/2011,14.93,14.93,13.99,14.13,-1.19,-7.77%,2389200,0
04/25/2011,15,15.42,14.95,15.32,0.31,+2.07%,657800,0
04/21/2011,15.1,15.11,14.92,15.01,-0.08,-0.53%,434500,0
04/20/2011,15.23,15.24,15.07,15.09,-0.01,-0.07%,338300,0
04/19/2011,15.08,15.21,15,15.1,0.03,+0.20%,335200,0
04/18/2011,15.07,15.3,15.01,15.07,-0.15,-0.99%,455600,0
04/15/2011,15.21,15.27,15.15,15.22,0.01,+0.07%,299700,0
04/14/2011,15.23,15.25,15.07,15.21,-0.1,-0.65%,409100,0
04/13/2011,15.75,15.75,15.27,15.31,-0.36,-2.30%,479800,0
04/12/2011,15.77,15.78,15.58,15.67,-0.14,-0.89%,412100,0
04/11/2011,15.87,15.96,15.75,15.81,-0.03,-0.19%,222000,0
04/08/2011,16.23,16.24,15.81,15.84,-0.33,-2.04%,275900,0
04/07/2011,16.22,16.25,16.02,16.17,-0.07,-0.43%,481900,0
04/06/2011,15.77,16.24,15.72,16.24,0.53,+3.37%,644500,0
04/05/2011,15.8,15.86,15.68,15.71,-0.12,-0.76%,271500,0
04/04/2011,15.84,15.97,15.71,15.83,0,0.00%,402800,0
04/01/2011,15.53,15.99,15.45,15.83,0.38,+2.46%,589200,0
03/31/2011,15.18,15.47,15.11,15.45,0.28,+1.85%,639400,0
03/30/2011,15.23,15.23,15.12,15.17,-0.02,-0.13%,582400,0
03/29/2011,15.25,15.3,15.16,15.19,-0.09,-0.59%,307200,0
03/28/2011,15.34,15.42,15.22,15.28,-0.02,-0.13%,238700,0
03/25/2011,15.31,15.5,15.23,15.3,0.05,+0.33%,357900,0
03/24/2011,15.24,15.34,15.17,15.25,0.02,+0.13%,383500,0
03/23/2011,15.39,15.39,15.03,15.23,-0.15,-0.98%,277100,0
03/22/2011,15.67,15.68,15.38,15.38,-0.21,-1.35%,376200,0
03/21/2011,15.68,15.74,15.47,15.59,0.03,+0.19%,403000,0
03/18/2011,15.55,15.62,15.44,15.56,0.15,+0.97%,651700,0
03/17/2011,15.51,15.53,15.3,15.41,0.11,+0.72%,594500,0
03/16/2011,15.51,15.54,15.2,15.3,-0.18,-1.16%,898400,0
03/15/2011,15.04,15.57,14.98,15.48,-0.02,-0.13%,707500,0
03/14/2011,15.41,15.55,15.36,15.5,-0.06,-0.39%,462600,0
03/11/2011,15.5,15.69,15.49,15.56,-0.14,-0.89%,277800,0
03/10/2011,15.9,15.93,15.62,15.7,-0.32,-2.00%,502100,0
03/09/2011,16.04,16.18,15.91,16.02,-0.07,-0.44%,448500,0
03/08/2011,15.65,16.18,15.65,16.09,0.48,+3.07%,427200,0
03/07/2011,15.74,15.88,15.51,15.61,-0.11,-0.70%,275400,0
03/04/2011,16,16.02,15.59,15.72,-0.25,-1.57%,502500,0
03/03/2011,15.36,16.23,15.36,15.97,0.73,+4.79%,1234900,0
03/02/2011,15.38,15.55,15.19,15.24,-0.13,-0.85%,479000,0
03/01/2011,15.38,15.69,15.37,15.37,-0.57,-3.58%,876400,0
02/28/2011,15.84,15.99,15.82,15.94,0.16,+1.01%,366500,0
02/25/2011,15.38,15.78,15.36,15.78,0.47,+3.07%,341100,0
02/24/2011,15.45,15.6,15.14,15.31,-0.19,-1.23%,567500,0
02/23/2011,15.66,15.91,15.47,15.5,-0.19,-1.21%,591300,0
02/22/2011,15.89,15.96,15.65,15.69,-0.34,-2.12%,567100,0
02/18/2011,15.83,16.05,15.81,16.03,0.19,+1.20%,251900,0
02/17/2011,15.89,15.95,15.76,15.84,-0.11,-0.69%,370700,0
02/16/2011,15.95,16,15.88,15.95,0,0.00%,307300,0
02/15/2011,15.76,16.05,15.73,15.95,0.12,+0.76%,453600,0
02/14/2011,15.77,15.85,15.68,15.83,0.13,+0.83%,328000,0
02/11/2011,15.37,15.71,15.32,15.7,0.26,+1.68%,352200,0
02/10/2011,15.64,15.71,15.38,15.44,-0.19,-1.22%,470700,0
02/09/2011,15.95,15.95,15.54,15.63,-0.36,-2.25%,447600,0
02/08/2011,16.03,16.07,15.79,15.99,-0.14,-0.87%,554500,0
02/07/2011,15.84,16.15,15.75,16.13,0.38,+2.41%,794200,0
02/04/2011,15.85,15.89,15.71,15.75,-0.07,-0.44%,427200,0
02/03/2011,15.73,15.83,15.59,15.82,0.06,+0.38%,576000,0
02/02/2011,15.7,15.8,15.6,15.76,0.05,+0.32%,750600,0
02/01/2011,15.69,15.79,15.54,15.71,0.07,+0.45%,1421700,0
01/31/2011,15.75,15.85,15.56,15.64,-0.06,-0.38%,1951400,0
01/28/2011,16,16.22,15.18,15.7,0.86,+5.80%,3700100,0
01/27/2011,14.8,14.89,14.71,14.84,-0.01,-0.07%,1063100,0
01/26/2011,15.11,15.14,14.8,14.85,-0.21,-1.39%,1060800,0
01/25/2011,14.98,15.18,14.93,15.06,0.09,+0.60%,968100,0
01/24/2011,15.36,15.41,14.96,14.97,-0.36,-2.35%,1068000,0
01/21/2011,15.11,15.43,15.03,15.33,0.4,+2.68%,948600,0
01/20/2011,15.07,15.15,14.85,14.93,-0.27,-1.78%,880900,0
01/19/2011,15.48,15.78,15.14,15.2,-0.33,-2.12%,1372500,0
01/18/2011,15.36,15.53,15.08,15.53,0.22,+1.44%,968200,0
01/14/2011,15.23,15.35,15.12,15.31,0.11,+0.72%,1734600,0
01/13/2011,15.89,15.89,15.16,15.2,-0.69,-4.34%,1378200,0
01/12/2011,16.1,16.15,15.78,15.89,-0.02,-0.13%,706100,0
01/11/2011,16.07,16.14,15.85,15.91,-0.05,-0.31%,467900,0
01/10/2011,15.75,15.97,15.51,15.96,0.11,+0.69%,733600,0
01/07/2011,16.41,16.46,15.75,15.85,-0.52,-3.18%,862200,0
01/06/2011,16.7,16.73,16.31,16.37,-0.3,-1.80%,1537600,0
01/05/2011,16.6,16.7,16.5,16.67,0.04,+0.24%,929400,0
01/04/2011,16.58,16.75,16.41,16.63,0.12,+0.73%,1223200,0
01/03/2011,16.16,16.6,16.12,16.51,0.56,+3.51%,941100,0
12/31/2010,16.16,16.21,15.95,15.95,-0.22,-1.36%,314400,0
12/30/2010,16.24,16.31,16.07,16.17,-0.04,-0.25%,437000,0
12/29/2010,16.21,16.26,16.1,16.21,0.04,+0.25%,519500,0
12/28/2010,16.05,16.27,16,16.17,0.15,+0.94%,746200,0
12/27/2010,15.77,16.07,15.68,16.02,0.17,+1.07%,429400,0
12/23/2010,16.12,16.22,15.77,15.85,-0.26,-1.61%,919800,0
12/22/2010,14.59,16.23,14.59,16.11,1.53,+10.49%,3680200,0
12/21/2010,14.4,14.66,14.39,14.58,0.23,+1.60%,871400,0
12/20/2010,14.89,14.96,14.35,14.35,-0.37,-2.51%,921300,0
12/17/2010,14.66,15.01,14.61,14.72,0.12,+0.82%,2671500,0
12/16/2010,14.76,14.84,14.52,14.6,-0.16,-1.08%,787400,0
12/15/2010,14.8,15.02,14.73,14.76,-0.17,-1.14%,505200,0
12/14/2010,14.94,15.07,14.8,14.93,0,0.00%,617000,0
12/13/2010,14.79,14.95,14.55,14.93,0.04,+0.27%,472800,0
12/10/2010,14.75,14.92,14.67,14.89,0.14,+0.95%,576000,0
12/09/2010,14.67,14.83,14.48,14.75,0.19,+1.30%,694300,0
12/08/2010,14.06,14.58,14.05,14.56,0.54,+3.85%,847000,0
12/07/2010,13.98,14.09,13.95,14.02,0.11,+0.79%,998100,0
12/06/2010,13.78,14,13.7,13.91,0.13,+0.94%,771200,0
12/03/2010,13.58,13.8,13.45,13.78,0.18,+1.32%,748100,0
12/02/2010,13.25,13.63,13.25,13.6,0.35,+2.64%,979500,0
12/01/2010,13.04,13.28,12.98,13.25,0.4,+3.11%,704300,0
11/30/2010,12.86,13.02,12.84,12.85,-0.14,-1.08%,491900,0
11/29/2010,12.78,13.01,12.76,12.99,0.18,+1.41%,485700,0
11/26/2010,12.91,12.96,12.78,12.81,-0.15,-1.16%,170400,0
11/24/2010,12.94,12.97,12.8,12.96,0.13,+1.01%,336900,0
11/23/2010,12.72,12.93,12.7,12.83,0.05,+0.39%,465800,0
11/22/2010,12.98,13,12.73,12.78,-0.24,-1.84%,591100,0
11/19/2010,13.07,13.09,12.93,13.02,-0.13,-0.99%,615700,0
11/18/2010,13.44,13.45,13.11,13.15,-0.13,-0.98%,587400,0
11/17/2010,13.5,13.54,13.27,13.28,-0.24,-1.78%,577100,0
11/16/2010,13.55,13.57,13.33,13.52,-0.09,-0.66%,1144100,0
11/15/2010,13.64,13.76,13.58,13.61,0.01,+0.07%,515300,0
11/12/2010,13.61,13.73,13.56,13.6,-0.06,-0.44%,691800,0
11/11/2010,13.52,13.76,13.45,13.66,0.03,+0.22%,592600,0
11/10/2010,13.44,13.64,13.38,13.63,0.17,+1.26%,555300,0
11/09/2010,13.92,13.96,13.45,13.46,-0.41,-2.96%,593900,0
11/08/2010,13.99,14,13.6,13.87,-0.13,-0.93%,622500,0
11/05/2010,14.1,14.3,13.92,14,-0.08,-0.57%,1350600,0
11/04/2010,13.84,14.11,13.7,14.08,0.43,+3.15%,1079100,0
11/03/2010,13.6,13.65,13.35,13.65,0.02,+0.15%,1003500,0
11/02/2010,13.34,13.65,13.34,13.63,0.36,+2.71%,1543800,0
11/01/2010,13.26,13.4,12.97,13.27,0.08,+0.61%,1955500,0
10/29/2010,12.9,13.24,12.78,13.19,0.35,+2.73%,1082000,0
10/28/2010,12.68,12.93,12.67,12.84,0.26,+2.07%,1146600,0
10/27/2010,12.55,12.74,12.27,12.58,-0.03,-0.24%,1291700,0
10/26/2010,13.54,13.6,12.5,12.61,-1.82,-12.61%,2662200,0
10/25/2010,14.68,14.71,14.32,14.43,-0.14,-0.96%,660200,0
10/22/2010,14.29,14.6,14.25,14.57,0.33,+2.32%,727400,0
10/21/2010,14.17,14.27,14.03,14.24,0.16,+1.14%,634400,0
10/20/2010,14.15,14.24,13.95,14.08,-0.01,-0.07%,760900,0
10/19/2010,14.12,14.55,14.09,14.09,-0.16,-1.12%,1931000,0
10/18/2010,14.06,14.33,14.06,14.25,0.24,+1.71%,803800,0
10/15/2010,14.22,14.29,14.01,14.01,-0.13,-0.92%,727500,0
10/14/2010,14.22,14.34,14.02,14.14,-0.1,-0.70%,720800,0
10/13/2010,14.15,14.41,14.05,14.24,0.22,+1.57%,1223500,0
10/12/2010,14,14.22,13.91,14.02,0.01,+0.07%,632300,0
10/11/2010,14.09,14.09,13.91,14.01,-0.02,-0.14%,238100,0
10/08/2010,14.17,14.17,13.99,14.03,-0.1,-0.71%,424100,0
10/07/2010,14.39,14.48,14.09,14.13,-0.15,-1.05%,512700,0
10/06/2010,14.17,14.34,14.08,14.28,0.13,+0.92%,497700,0
10/05/2010,14.05,14.29,13.98,14.15,0.25,+1.80%,640200,0
10/04/2010,14.19,14.24,13.85,13.9,-0.26,-1.84%,579000,0
10/01/2010,14.33,14.44,14.07,14.16,-0.02,-0.14%,581000,0
09/30/2010,14.19,14.55,14.15,14.18,0.14,+1.00%,926300,0
09/29/2010,14,14.28,13.91,14.04,0.04,+0.29%,1065000,0
09/28/2010,13.63,14.02,13.53,14,0.39,+2.87%,726000,0
09/27/2010,13.85,13.85,13.58,13.61,-0.23,-1.66%,481400,0
09/24/2010,13.68,13.93,13.68,13.84,0.27,+1.99%,523500,0
09/23/2010,13.67,13.99,13.56,13.57,-0.16,-1.17%,369800,0
09/22/2010,13.87,14.08,13.71,13.73,-0.11,-0.79%,521800,0
09/21/2010,13.99,14.11,13.84,13.84,-0.15,-1.07%,374100,0
09/20/2010,13.83,14.02,13.77,13.99,0.17,+1.23%,425900,0
09/17/2010,13.85,13.99,13.69,13.82,0.01,+0.07%,345000,0
09/16/2010,13.9,13.94,13.64,13.81,-0.1,-0.72%,264500,0
09/15/2010,13.95,13.98,13.75,13.91,0.04,+0.29%,395700,0
09/14/2010,14.2,14.24,13.78,13.87,-0.33,-2.32%,372700,0
09/13/2010,14.37,14.46,14.07,14.2,-0.1,-0.70%,686400,0
09/10/2010,14.02,14.34,14,14.3,0.34,+2.44%,699800,0
09/09/2010,13.91,13.99,13.7,13.96,0.22,+1.60%,473600,0
09/08/2010,13.53,13.82,13.53,13.74,0.25,+1.85%,528400,0
09/07/2010,13.72,13.78,13.42,13.49,-0.31,-2.25%,399300,0
09/03/2010,13.69,13.8,13.52,13.8,0.3,+2.22%,576300,0
09/02/2010,13.23,13.52,13.12,13.5,0.33,+2.51%,631300,0
09/01/2010,12.91,13.17,12.78,13.17,0.42,+3.29%,709400,0
08/31/2010,12.52,12.8,12.5,12.75,0.19,+1.51%,408600,0
08/30/2010,12.85,12.91,12.53,12.56,-0.3,-2.33%,473000,0
08/27/2010,12.78,12.9,12.59,12.86,0.15,+1.18%,449500,0
08/26/2010,12.88,13.02,12.62,12.71,-0.09,-0.70%,652000,0
08/25/2010,12.52,12.83,12.41,12.8,0.16,+1.27%,587500,0
08/24/2010,12.64,12.8,12.44,12.64,-0.1,-0.78%,585700,0
08/23/2010,12.85,12.96,12.68,12.74,-0.1,-0.78%,372100,0
08/20/2010,12.91,12.98,12.66,12.84,-0.13,-1.00%,533900,0
08/19/2010,13.18,13.37,12.87,12.97,-0.24,-1.82%,495800,0
08/18/2010,13.24,13.36,13.08,13.21,0.04,+0.30%,497700,0
08/17/2010,13.1,13.18,12.9,13.17,0.17,+1.31%,790400,0
08/16/2010,13.01,13.14,12.94,13,-0.1,-0.76%,792400,0
08/13/2010,13.45,13.46,13.1,13.1,-0.38,-2.82%,633100,0
08/12/2010,13.5,13.65,13.34,13.48,-0.13,-0.96%,940500,0
08/11/2010,14.32,14.4,13.61,13.61,-0.74,-5.16%,820900,0
08/10/2010,14.52,14.6,14.34,14.35,-0.26,-1.78%,552800,0
08/09/2010,14.6,14.69,14.5,14.61,0.09,+0.62%,362700,0
08/06/2010,14.47,14.58,14.39,14.52,-0.12,-0.82%,648000,0
08/05/2010,14.4,14.67,14.39,14.64,0.13,+0.90%,526300,0
08/04/2010,14.55,14.59,14.44,14.51,-0.02,-0.14%,645300,0
08/03/2010,14.7,14.7,14.38,14.53,-0.16,-1.09%,926700,0
08/02/2010,14.82,14.96,14.63,14.69,0.03,+0.20%,957400,0
07/30/2010,13.9,14.74,13.84,14.66,0.64,+4.56%,1453900,0
07/29/2010,13.8,14.08,13.8,14.02,0.25,+1.82%,1605100,0
07/28/2010,14.06,14.14,13.74,13.77,-0.27,-1.92%,1165800,0
07/27/2010,14.24,14.5,13.93,14.04,-0.33,-2.30%,1392000,0
07/26/2010,14,14.49,13.15,14.37,0.37,+2.64%,1529600,0
07/23/2010,15.25,15.49,13.74,14,-2.69,-16.12%,3688000,0
07/22/2010,16.63,16.81,16.34,16.69,0.21,+1.27%,1128900,0
07/21/2010,17.38,17.44,16.46,16.48,-0.76,-4.41%,1200400,0
07/20/2010,17.28,17.28,17.05,17.24,-0.15,-0.86%,882600,0
07/19/2010,17.7,17.77,17.23,17.39,-0.21,-1.19%,574100,0
07/16/2010,18.13,18.14,17.51,17.6,-0.58,-3.19%,519900,0
07/15/2010,18.16,18.27,17.86,18.18,0.02,+0.11%,400300,0
07/14/2010,18.53,18.54,18.02,18.16,-0.51,-2.73%,419400,0
07/13/2010,18.3,18.73,18.3,18.67,0.51,+2.81%,618700,0
07/12/2010,18.16,18.33,18.05,18.16,-0.11,-0.60%,304300,0
07/09/2010,17.98,18.27,17.88,18.27,0.23,+1.27%,304300,0
07/08/2010,18,18.09,17.75,18.04,0.15,+0.84%,496600,0
07/07/2010,17.5,17.89,17.38,17.89,0.46,+2.64%,395800,0
07/06/2010,17.66,17.84,17.25,17.43,0.09,+0.52%,528600,0
07/02/2010,17.66,17.8,17.18,17.34,-0.13,-0.74%,1055900,0
07/01/2010,17.83,17.98,17.11,17.47,-0.41,-2.29%,757600,0
06/30/2010,18.13,18.37,17.86,17.88,-0.22,-1.22%,448500,0
06/29/2010,18.27,18.34,18.03,18.1,-0.37,-2.00%,570500,0
06/28/2010,18.72,18.73,18.41,18.47,-0.15,-0.81%,289300,0
06/25/2010,18.58,18.73,18.35,18.62,0.18,+0.98%,750300,0
06/24/2010,18.59,18.8,18.41,18.44,-0.27,-1.44%,524800,0
06/23/2010,18.92,18.94,18.59,18.71,-0.08,-0.43%,362500,0
06/22/2010,18.97,19.18,18.77,18.79,-0.14,-0.74%,600900,0
06/21/2010,19.09,19.14,18.83,18.93,0.02,+0.11%,409100,0
06/18/2010,19.03,19.12,18.77,18.91,-0.09,-0.47%,436000,0
06/17/2010,19.16,19.21,18.85,19,-0.1,-0.52%,465400,0
06/16/2010,19.09,19.24,19.06,19.1,-0.12,-0.62%,452100,0
06/15/2010,18.92,19.23,18.78,19.22,0.33,+1.75%,435400,0
06/14/2010,19.02,19.16,18.85,18.89,-0.04,-0.21%,307000,0
06/11/2010,18.68,18.98,18.4,18.93,-0.11,-0.58%,211900,0
06/10/2010,18.77,19.06,18.72,19.04,0.49,+2.64%,303100,0
06/09/2010,18.86,18.95,18.5,18.55,-0.29,-1.54%,380800,0
06/08/2010,18.83,18.93,18.47,18.84,0.01,+0.05%,720500,0
06/07/2010,18.99,19.14,18.8,18.83,-0.06,-0.32%,446100,0
06/04/2010,19.35,19.4,18.84,18.89,-0.74,-3.77%,673900,0
06/03/2010,19.53,19.73,19.38,19.63,0,0.00%,474800,0
06/02/2010,19.07,19.65,18.94,19.63,0.63,+3.32%,527900,0
06/01/2010,19.3,19.5,18.99,19,-0.39,-2.01%,490100,0
05/28/2010,19.72,19.78,19.26,19.39,-0.4,-2.02%,446900,0
05/27/2010,19.57,19.84,19.45,19.79,0.62,+3.23%,469300,0
05/26/2010,19.4,19.62,19.13,19.17,-0.16,-0.83%,375800,0
05/25/2010,18.86,19.41,18.79,19.33,0.01,+0.05%,511300,0
05/24/2010,19.66,19.79,19.3,19.32,-0.35,-1.78%,337300,0
05/21/2010,19.3,19.97,19.25,19.67,0.17,+0.87%,624500,0
05/20/2010,20.08,20.22,19.49,19.5,-0.93,-4.55%,567300,0
05/19/2010,20.35,20.72,20.03,20.43,-0.04,-0.20%,467500,0
05/18/2010,21.08,21.12,20.37,20.47,-0.43,-2.06%,405200,0
05/17/2010,21.02,21.24,20.59,20.9,-0.04,-0.19%,400200,0
05/14/2010,21.22,21.31,20.79,20.94,-0.41,-1.92%,324900,0
05/13/2010,21.5,21.7,21.31,21.35,-0.17,-0.79%,179600,0
05/12/2010,21.48,21.59,21.32,21.52,0.17,+0.80%,273600,0
05/11/2010,21.02,21.66,21,21.35,0.06,+0.28%,438500,0
05/10/2010,20.87,21.3,20.8,21.29,1.1,+5.45%,539000,0
05/07/2010,20.51,20.74,20.08,20.19,-0.34,-1.66%,972500,0
05/06/2010,21.22,21.4,19.75,20.53,-0.75,-3.52%,804500,0
05/05/2010,21.21,21.68,21.17,21.28,-0.21,-0.98%,610600,0
05/04/2010,21.91,22.06,21.33,21.49,-0.78,-3.50%,529800,0
05/03/2010,22.18,22.42,22.08,22.27,0.13,+0.59%,648500,0
04/30/2010,22.12,22.31,22.04,22.14,-0.02,-0.09%,742000,0
04/29/2010,21.73,22.23,21.57,22.16,0.49,+2.26%,471900,0
04/28/2010,21.79,22.04,21.57,21.67,0.05,+0.23%,600800,0
04/27/2010,22.05,22.37,21.59,21.62,-0.57,-2.57%,1034500,0
04/26/2010,22.35,22.55,22.15,22.19,-0.14,-0.63%,985100,0
04/23/2010,21.9,22.43,21.03,22.33,-0.92,-3.96%,2159800,0
04/22/2010,22.72,23.25,22.72,23.25,0.3,+1.31%,724800,0
04/21/2010,22.38,23,22.38,22.95,0.51,+2.27%,630000,0
04/20/2010,22.22,22.48,22.04,22.44,0.27,+1.22%,383400,0
04/19/2010,22.11,22.44,21.93,22.17,-0.07,-0.31%,472500,0
04/16/2010,22.65,22.67,21.63,22.24,-0.51,-2.24%,786400,0
04/15/2010,22.6,22.95,22.6,22.75,0.15,+0.66%,375500,0
04/14/2010,22.28,22.62,22.18,22.6,0.39,+1.76%,709300,0
04/13/2010,22.18,22.32,22.05,22.21,-0.08,-0.36%,204000,0
04/12/2010,22.14,22.34,22.11,22.29,0.1,+0.45%,221600,0
04/09/2010,22.15,22.23,22,22.19,0.08,+0.36%,246800,0
04/08/2010,21.83,22.2,21.83,22.11,0.21,+0.96%,406400,0
04/07/2010,21.71,22.06,21.71,21.9,0.06,+0.27%,585400,0
04/06/2010,21.3,21.93,21.3,21.84,0.44,+2.06%,559800,0
04/05/2010,21.32,21.54,21.2,21.4,0.13,+0.61%,401100,0
04/01/2010,21.08,21.27,21.08,21.27,0.31,+1.48%,366000,0
03/31/2010,20.85,21.2,20.85,20.96,0,0.00%,381100,0
03/30/2010,21.03,21.09,20.84,20.96,-0.12,-0.57%,333100,0
03/29/2010,20.94,21.08,20.8,21.08,0.21,+1.01%,526700,0
03/26/2010,20.95,21.13,20.75,20.87,-0.08,-0.38%,526300,0
03/25/2010,20.91,21.32,20.79,20.95,0.19,+0.92%,511600,0
03/24/2010,20.61,20.85,20.52,20.76,-0.04,-0.19%,430800,0
03/23/2010,20.87,20.87,20.47,20.8,-0.08,-0.38%,219100,0
03/22/2010,20.49,21.04,20.49,20.88,0.28,+1.36%,508200,0
03/19/2010,20.3,20.61,20.23,20.6,0.45,+2.23%,902600,0
03/18/2010,19.95,20.29,19.95,20.15,0.1,+0.50%,490500,0
03/17/2010,19.98,20.12,19.73,20.05,0.02,+0.10%,577700,0
03/16/2010,19.66,20.08,19.63,20.03,0.05,+0.25%,777600,0
03/15/2010,19.52,19.98,19.52,19.98,0.38,+1.94%,552700,0
03/12/2010,19.52,19.62,19.28,19.6,0.11,+0.56%,463700,0
03/11/2010,19.42,19.49,19.2,19.49,-0.08,-0.41%,364900,0
03/10/2010,19.39,19.61,19.34,19.57,0.14,+0.72%,473900,0
03/09/2010,19.46,19.53,19.29,19.43,-0.13,-0.66%,453100,0
03/08/2010,19.43,19.69,19.26,19.56,0.1,+0.51%,436000,0
03/05/2010,19.24,19.53,19.13,19.46,0.36,+1.88%,831000,0
03/04/2010,19.41,19.48,18.97,19.1,-0.18,-0.93%,755900,0
03/03/2010,19.41,19.52,19.05,19.28,-0.01,-0.05%,552000,0
03/02/2010,20.09,20.25,19.17,19.29,-0.79,-3.93%,1331900,0
03/01/2010,19.94,20.09,19.52,20.08,0.61,+3.13%,1467300,0
02/26/2010,18.15,20.26,17.55,19.47,-3.1,-13.74%,6893000,0
02/25/2010,22.35,22.64,22.32,22.57,-0.07,-0.31%,237100,0
02/24/2010,22.2,22.73,22.2,22.64,0.42,+1.89%,251400,0
02/23/2010,22.31,22.45,22.07,22.22,-0.2,-0.89%,348000,0
02/22/2010,22.17,22.44,22,22.42,0.39,+1.77%,201700,0
02/19/2010,21.9,22.04,21.85,22.03,0.06,+0.27%,295100,0
02/18/2010,21.98,22.01,21.88,21.97,0.01,+0.05%,344100,0
02/17/2010,22.03,22.14,21.77,21.96,-0.1,-0.45%,229200,0
02/16/2010,22.01,22.14,21.77,22.06,0.14,+0.64%,429700,0
02/12/2010,21.84,22.04,21.72,21.92,-0.12,-0.54%,360900,0
02/11/2010,22.08,22.18,21.85,22.04,-0.03,-0.14%,252000,0
02/10/2010,21.81,22.25,21.74,22.07,0.21,+0.96%,310300,0
02/09/2010,21.98,22.16,21.72,21.86,0.1,+0.46%,239100,0
02/08/2010,22.02,22.07,21.72,21.76,-0.27,-1.23%,226200,0
02/05/2010,21.8,22.31,21.56,22.03,0.28,+1.29%,454800,0
02/04/2010,22.16,22.18,21.75,21.75,-0.56,-2.51%,493600,0
02/03/2010,22.55,22.67,22.2,22.31,-0.32,-1.41%,412400,0
02/02/2010,22.69,22.77,22.42,22.63,-0.07,-0.31%,414500,0
02/01/2010,22.95,23.1,22.65,22.7,-0.18,-0.79%,370400,0
01/29/2010,23.25,23.32,22.83,22.88,-0.38,-1.63%,599600,0
01/28/2010,23.4,23.5,22.95,23.26,-0.16,-0.68%,375500,0
01/27/2010,22.7,23.43,22.7,23.42,0.62,+2.72%,525500,0
01/26/2010,22.85,23.36,22.76,22.8,-0.05,-0.22%,585000,0
01/25/2010,23.26,23.32,22.63,22.85,-0.32,-1.38%,448900,0
01/22/2010,23.64,23.9,23,23.17,-1.32,-5.39%,1345800,0
01/21/2010,24.13,24.75,23.99,24.49,0.32,+1.32%,529700,0
01/20/2010,23.94,24.23,23.46,24.17,0.02,+0.08%,400100,0
01/19/2010,24.08,24.29,23.94,24.15,0.11,+0.46%,351600,0
01/15/2010,24.38,24.47,24.02,24.04,-0.41,-1.68%,393500,0
01/14/2010,23.96,24.47,23.87,24.45,0.48,+2.00%,339700,0
01/13/2010,23.72,24.04,23.52,23.97,0.37,+1.57%,306500,0
01/12/2010,23.45,23.71,23.41,23.6,0.02,+0.08%,373500,0
01/11/2010,23.88,23.94,23.41,23.58,-0.24,-1.01%,329700,0
01/08/2010,23.7,23.93,23.53,23.82,-0.02,-0.08%,370400,0
01/07/2010,23.15,24.05,23.09,23.84,0.66,+2.85%,527400,0
01/06/2010,23.17,23.34,22.95,23.18,-0.01,-0.04%,340600,0
01/05/2010,23.69,23.69,23.1,23.19,-0.46,-1.95%,476400,0
01/04/2010,23.64,23.7,23.41,23.65,0.19,+0.81%,471700,0
12/31/2009,23.5,23.8,23.4,23.46,-0.09,-0.38%,284300,0
12/30/2009,23.64,23.85,23.49,23.55,-0.15,-0.63%,199300,0
12/29/2009,23.78,23.81,23.63,23.7,0.02,+0.08%,156600,0
12/28/2009,23.85,23.89,23.59,23.68,-0.13,-0.55%,180300,0
12/24/2009,23.53,23.81,23.53,23.81,0.29,+1.23%,121400,0
12/23/2009,23.75,23.8,23.45,23.52,-0.13,-0.55%,303600,0
12/22/2009,23.61,23.71,23.53,23.65,0.03,+0.13%,198100,0
12/21/2009,23.61,23.8,23.49,23.62,0.06,+0.25%,443300,0
12/18/2009,23.05,23.56,22.92,23.56,0.63,+2.75%,832400,0
12/17/2009,23.07,23.4,22.93,22.93,-0.36,-1.55%,393800,0
12/16/2009,23.38,23.57,23.12,23.29,-0.1,-0.43%,435000,0
12/15/2009,23.07,23.39,22.96,23.39,0.26,+1.12%,990800,0
12/14/2009,22.49,23.13,22.31,23.13,0.12,+0.52%,503600,0
12/11/2009,22.51,23.01,22.47,23.01,0.43,+1.90%,448100,0
12/10/2009,22.83,23.05,22.51,22.58,-0.19,-0.83%,497700,0
12/09/2009,22.93,22.99,22.71,22.77,-0.21,-0.91%,417400,0
12/08/2009,22.9,23.24,22.82,22.98,-0.15,-0.65%,408200,0
12/07/2009,23.4,23.47,23.04,23.13,-0.31,-1.32%,243100,0
12/04/2009,23.22,23.48,22.98,23.44,0.57,+2.49%,378400,0
12/03/2009,23.45,23.73,22.83,22.87,-0.55,-2.35%,346900,0
12/02/2009,23.22,23.59,23.22,23.42,0.23,+0.99%,191000,0
12/01/2009,23.3,23.34,23.05,23.19,-0.01,-0.04%,409900,0
11/30/2009,22.88,23.2,22.76,23.2,0.39,+1.71%,731200,0
11/27/2009,22.78,23.38,22.77,22.81,-0.56,-2.40%,286200,0
11/25/2009,23.57,23.77,23.3,23.37,-0.17,-0.72%,244600,0
11/24/2009,23.92,23.92,23.34,23.54,-0.31,-1.30%,507900,0
11/23/2009,23.79,24.23,23.66,23.85,0.38,+1.62%,392200,0
11/20/2009,23.26,23.67,23.15,23.47,0.05,+0.21%,422200,0
11/19/2009,23.72,23.86,23.24,23.42,-0.5,-2.09%,520100,0
11/18/2009,23.67,23.93,23.43,23.92,0.42,+1.79%,1000200,0
11/17/2009,23.34,23.69,23.23,23.5,0.13,+0.56%,782100,0
11/16/2009,22.87,23.63,22.85,23.37,0.65,+2.86%,692000,0
11/13/2009,22.64,22.83,22.44,22.72,0.07,+0.31%,314300,0
11/12/2009,22.86,23.24,22.64,22.65,-0.33,-1.44%,515900,0
11/11/2009,22.84,23.2,22.72,22.98,0.31,+1.37%,487800,0
11/10/2009,22.46,22.79,22.37,22.67,0.14,+0.62%,814600,0
11/09/2009,22.08,22.54,21.98,22.53,0.56,+2.55%,687600,0
11/06/2009,22.02,22.28,21.71,21.97,-0.26,-1.17%,612000,0
11/05/2009,22.26,22.26,21.75,22.23,0.19,+0.86%,1614200,0
11/04/2009,22.37,22.61,22,22.04,-0.32,-1.43%,658400,0
11/03/2009,22.29,22.51,21.94,22.36,-0.03,-0.13%,563100,0
11/02/2009,22.77,22.77,21.96,22.39,-0.19,-0.84%,1081800,0
10/30/2009,23.36,23.44,22.47,22.58,-0.88,-3.75%,803000,0
10/29/2009,23.82,23.82,23.31,23.46,-0.13,-0.55%,1013200,0
10/28/2009,23.8,24,23.49,23.59,-0.29,-1.21%,758500,0
10/27/2009,23.7,24.25,23.54,23.88,0.08,+0.34%,957700,0
10/26/2009,23.82,23.96,23.39,23.8,-0.15,-0.63%,1056800,0
10/23/2009,24.87,25,23.68,23.95,-0.99,-3.97%,1720300,0
10/22/2009,24.19,25.03,24.08,24.94,0.8,+3.31%,737000,0
10/21/2009,24.75,24.98,24.05,24.14,-0.72,-2.90%,523300,0
10/20/2009,24.87,24.9,24.5,24.86,-0.02,-0.08%,382000,0
10/19/2009,24.85,24.95,24.5,24.88,0.12,+0.48%,193100,0
10/16/2009,24.82,25.08,24.55,24.76,-0.37,-1.47%,319200,0
10/15/2009,24.89,25.18,24.72,25.13,0,0.00%,264300,0
10/14/2009,24.99,25.19,24.7,25.13,0.35,+1.41%,401900,0
10/13/2009,24.78,24.88,24.45,24.78,-0.02,-0.08%,289900,0
10/12/2009,25,25,24.65,24.8,-0.19,-0.76%,227200,0
10/09/2009,24.64,24.99,24.64,24.99,0.32,+1.30%,288300,0
10/08/2009,24.69,24.79,24.42,24.67,0.08,+0.33%,381000,0
10/07/2009,24.56,24.68,24.23,24.59,-0.11,-0.45%,422000,0
10/06/2009,24.41,24.82,24.31,24.7,0.41,+1.69%,608600,0
10/05/2009,24.22,24.62,24.08,24.29,0.4,+1.67%,584600,0
10/02/2009,23.81,24.35,23.77,23.89,-0.18,-0.75%,610200,0
10/01/2009,24.41,24.46,24.01,24.07,-0.34,-1.39%,1032300,0
09/30/2009,24.54,24.71,24.07,24.41,-0.14,-0.57%,545900,0
09/29/2009,24.27,24.69,24.04,24.55,0.41,+1.70%,777300,0
09/28/2009,23.8,24.16,23.68,24.14,0.43,+1.81%,373400,0
09/25/2009,23.55,23.94,23.47,23.71,0.05,+0.21%,636300,0
09/24/2009,23.65,23.86,23.45,23.66,0.04,+0.17%,878800,0
09/23/2009,23.76,23.8,23.58,23.62,0.03,+0.13%,886600,0
09/22/2009,23.81,23.92,23.31,23.59,0.02,+0.08%,369000,0
09/21/2009,23.76,24.05,23.4,23.57,-0.42,-1.75%,290500,0
09/18/2009,24.46,24.55,23.87,23.99,-0.37,-1.52%,428900,0
09/17/2009,24.75,24.96,24.35,24.36,-0.35,-1.42%,485000,0
09/16/2009,23.55,24.72,23.46,24.71,1.27,+5.42%,612400,0
09/15/2009,23.15,23.56,22.89,23.44,0.24,+1.03%,304200,0
09/14/2009,22.89,23.24,22.73,23.2,0.18,+0.78%,326000,0
09/11/2009,22.84,23.1,22.7,23.02,-0.04,-0.17%,345700,0
09/10/2009,22.97,23.12,22.72,23.06,-0.03,-0.13%,300300,0
09/09/2009,22.9,23.27,22.64,23.09,0.15,+0.65%,292800,0
09/08/2009,22.86,22.95,22.49,22.94,0.23,+1.01%,257400,0
09/04/2009,22.43,22.71,22.3,22.71,0.28,+1.25%,233800,0
09/03/2009,22.19,22.45,21.94,22.43,0.39,+1.77%,357600,0
09/02/2009,22.22,22.5,21.91,22.04,-0.2,-0.90%,387700,0
09/01/2009,22.83,23.12,22.18,22.24,-0.76,-3.30%,650800,0
08/31/2009,23.07,23.22,22.84,23,-0.18,-0.78%,320200,0
08/28/2009,23.36,23.44,23.04,23.18,0,0.00%,382700,0
08/27/2009,23.66,23.71,23.12,23.18,-0.48,-2.03%,421000,0
08/26/2009,23.41,23.85,23.17,23.66,0.24,+1.02%,344500,0
08/25/2009,23.47,23.63,23.11,23.42,0.04,+0.17%,360500,0
08/24/2009,24.06,24.36,23.29,23.38,-0.68,-2.83%,483100,0
08/21/2009,23.86,24.24,23.71,24.06,0.47,+1.99%,599100,0
08/20/2009,23.2,23.62,23.07,23.59,0.4,+1.72%,354100,0
08/19/2009,23.01,23.48,22.56,23.19,-0.14,-0.60%,404400,0
08/18/2009,23.36,23.55,23.23,23.33,0.02,+0.09%,418000,0
08/17/2009,23.45,23.64,23.16,23.31,-0.54,-2.26%,1040300,0
08/14/2009,24.08,24.08,23.46,23.85,-0.23,-0.96%,459000,0
08/13/2009,23.88,24.18,23.51,24.08,0.32,+1.35%,584700,0
08/12/2009,23.47,23.95,23.43,23.76,0.14,+0.59%,657700,0
08/11/2009,24.2,24.2,23.29,23.62,-0.64,-2.64%,657900,0
08/10/2009,24.09,24.46,23.51,24.26,0.07,+0.29%,475900,0
08/07/2009,23.78,24.54,23.69,24.19,0.71,+3.02%,470200,0
08/06/2009,23.9,24,23.12,23.48,-0.19,-0.80%,435200,0
08/05/2009,23.64,23.89,23.37,23.67,0.11,+0.47%,376600,0
08/04/2009,22.6,23.77,22.44,23.56,0.87,+3.83%,619100,0
08/03/2009,22.62,22.87,22.38,22.69,0.19,+0.84%,658400,0
07/31/2009,22.36,22.63,22.19,22.5,0.14,+0.63%,750600,0
07/30/2009,22.5,22.64,22.17,22.36,0.03,+0.13%,408600,0
07/29/2009,21.73,22.44,21.69,22.33,0.54,+2.48%,672000,0
07/28/2009,21.22,21.97,21.22,21.79,0.48,+2.25%,1072400,0
07/27/2009,20.79,21.33,20.53,21.31,0.46,+2.21%,739200,0
07/24/2009,20.4,21.06,20.4,20.85,0.25,+1.21%,361500,0
07/23/2009,20.22,20.76,19.86,20.6,0.79,+3.99%,938600,0
07/22/2009,19.41,19.99,19.41,19.81,0.09,+0.46%,510000,0
07/21/2009,20.38,20.53,19.43,19.72,-0.6,-2.95%,495000,0
07/20/2009,20.54,20.71,20.06,20.32,-0.03,-0.15%,322000,0
07/17/2009,21.13,21.28,20.28,20.35,-0.7,-3.33%,434200,0
07/16/2009,20.88,21.26,20.67,21.05,-0.08,-0.38%,407800,0
07/15/2009,20.64,21.16,20.6,21.13,0.6,+2.92%,627700,0
07/14/2009,20.82,20.9,20.36,20.53,-0.29,-1.39%,340900,0
07/13/2009,20.19,20.83,20.04,20.82,0.96,+4.83%,789500,0
07/10/2009,20.06,20.07,19.72,19.86,-0.29,-1.44%,329900,0
07/09/2009,20.32,20.36,19.91,20.15,0.19,+0.95%,399000,0
07/08/2009,20.14,20.49,19.49,19.96,-0.21,-1.04%,1019600,0
07/07/2009,20.28,20.65,20.14,20.17,-0.3,-1.47%,902300,0
07/06/2009,19.7,20.51,19.65,20.47,0.71,+3.59%,611100,0
07/02/2009,20.39,20.83,19.76,19.76,-0.89,-4.31%,644900,0
07/01/2009,20.57,20.82,20.55,20.65,0.12,+0.58%,374600,0
06/30/2009,20.9,20.9,20.34,20.53,-0.25,-1.20%,563200,0
06/29/2009,20.51,20.79,20.07,20.78,0.26,+1.27%,584700,0
06/26/2009,20.36,20.62,20.12,20.52,0.12,+0.59%,715900,0
06/25/2009,19.52,20.4,19.52,20.4,0.78,+3.98%,590900,0
06/24/2009,19.96,19.96,19.46,19.62,-0.1,-0.51%,663300,0
06/23/2009,20.44,20.78,19.71,19.72,-0.57,-2.81%,1420600,0
06/22/2009,21.1,21.25,20.26,20.29,-1.01,-4.74%,776400,0
06/19/2009,21.26,21.35,20.95,21.3,0.33,+1.57%,638900,0
06/18/2009,20.9,21.32,20.7,20.97,0.08,+0.38%,550000,0
06/17/2009,20.95,21.44,20.25,20.89,-0.16,-0.76%,753700,0
06/16/2009,21.24,21.39,20.9,21.05,0.1,+0.48%,584500,0
06/15/2009,21.54,21.72,20.83,20.95,-0.95,-4.34%,797800,0
06/12/2009,21.79,22.11,21.71,21.9,-0.05,-0.23%,205500,0
06/11/2009,21.51,22.32,21.51,21.95,0.22,+1.01%,508700,0
06/10/2009,22.2,22.2,21.63,21.73,-0.2,-0.91%,708800,0
06/09/2009,21.92,22.09,21.51,21.93,0.08,+0.37%,497200,0
06/08/2009,21.45,22,21.32,21.85,0.33,+1.53%,517300,0
06/05/2009,22.04,22.11,21.26,21.52,-0.41,-1.87%,700300,0
06/04/2009,21.43,21.97,21.36,21.93,0.59,+2.76%,781000,0
06/03/2009,21.99,22.24,21.21,21.34,-0.65,-2.96%,761800,0
06/02/2009,22.26,22.48,21.82,21.99,-0.36,-1.61%,437700,0
06/01/2009,22.53,22.76,22.11,22.35,0.11,+0.49%,651500,0
05/29/2009,21.88,22.24,21.33,22.24,0.48,+2.21%,657400,0
05/28/2009,21.61,21.81,21.01,21.76,0.25,+1.16%,616000,0
05/27/2009,22.62,22.62,21.4,21.51,-1.13,-4.99%,876400,0
05/26/2009,21.33,22.64,21.3,22.64,1.12,+5.20%,784700,0
05/22/2009,22.11,22.26,21.42,21.52,-0.53,-2.40%,520800,0
05/21/2009,21.99,22.14,21.6,22.05,-0.2,-0.90%,728700,0
05/20/2009,23.57,23.66,22.17,22.25,-0.85,-3.68%,691200,0
05/19/2009,24.22,24.22,23.05,23.1,-1.01,-4.19%,803500,0
05/18/2009,23.14,24.23,22.95,24.11,1.48,+6.54%,922200,0
05/15/2009,23.21,23.24,22.53,22.63,-0.67,-2.88%,767000,0
05/14/2009,22.98,23.51,22.8,23.3,0.32,+1.39%,862000,0
05/13/2009,23.96,24.04,22.93,22.98,-1.12,-4.65%,1125200,0
05/12/2009,24.9,25.15,23.55,24.1,-0.41,-1.67%,994400,0
05/11/2009,24.1,25.21,23.81,24.51,-0.47,-1.88%,1198600,0
05/08/2009,24.13,24.99,23.89,24.98,1.17,+4.91%,1248400,0
05/07/2009,25.3,25.3,23.45,23.81,-0.83,-3.37%,1368700,0
05/06/2009,24.35,24.89,23.84,24.64,0.9,+3.79%,954700,0
05/05/2009,24.1,24.71,23.5,23.74,-0.93,-3.77%,724200,0
05/04/2009,23.14,24.67,22.89,24.67,1.99,+8.77%,1224400,0
05/01/2009,23.07,23.49,22.5,22.68,-0.57,-2.45%,548800,0
04/30/2009,24.47,24.57,23.15,23.25,-1.24,-5.06%,705600,0
04/29/2009,23.78,24.5,23.62,24.49,0.8,+3.38%,1016500,0
04/28/2009,22.7,24.31,22.7,23.69,0.25,+1.07%,503100,0
04/27/2009,23.5,24.13,23.2,23.44,-0.63,-2.62%,851100,0
04/24/2009,23.33,24.49,22.99,24.07,0.92,+3.97%,1421000,0
04/23/2009,22.44,23.48,21.92,23.15,1.03,+4.66%,1145000,0
04/22/2009,22.3,23.48,21.69,22.12,-1,-4.33%,1921900,0
04/21/2009,20.1,23.27,20.1,23.12,2.7,+13.22%,1569900,0
04/20/2009,21.43,21.67,20.36,20.42,-1.85,-8.31%,1141800,0
04/17/2009,21.71,22.65,21.39,22.27,0.49,+2.25%,797100,0
04/16/2009,21.92,21.92,20.86,21.78,0.01,+0.05%,1084300,0
04/15/2009,21.38,21.85,20.84,21.77,0.18,+0.83%,1208700,0
04/14/2009,23.37,23.37,21.5,21.59,-1.94,-8.24%,1621300,0
04/13/2009,22.16,23.74,21.69,23.53,0.67,+2.93%,730900,0
04/09/2009,21.77,22.91,21.51,22.86,1.84,+8.75%,1328500,0
04/08/2009,21.35,21.44,20.56,21.02,-0.09,-0.43%,571800,0
04/07/2009,21.26,21.88,21.11,21.11,-0.69,-3.17%,774600,0
04/06/2009,21.96,22.43,21.51,21.8,-0.46,-2.07%,667200,0
04/03/2009,21.73,22.28,21.49,22.26,0.45,+2.06%,780700,0
04/02/2009,21.5,22.05,21.21,21.81,0.4,+1.87%,1173500,0
04/01/2009,20.34,21.49,20.13,21.41,0.57,+2.74%,891900,0
03/31/2009,20.2,21.16,20.17,20.84,0.9,+4.51%,1021800,0
03/30/2009,20.31,20.57,19.86,19.94,-0.87,-4.18%,951900,0
03/27/2009,21.06,21.61,20.78,20.81,-0.56,-2.62%,860400,0
03/26/2009,21.4,21.45,20.74,21.37,0.16,+0.75%,1057100,0
03/25/2009,20.36,21.36,19.95,21.21,0.95,+4.69%,1024900,0
03/24/2009,21.41,21.88,20.26,20.26,-1.73,-7.87%,977700,0
03/23/2009,20.17,22.01,20.03,21.99,2.58,+13.29%,1250500,0
03/20/2009,20.14,20.29,19.39,19.41,-0.63,-3.14%,1138600,0
03/19/2009,21.34,21.34,19.92,20.04,-0.91,-4.34%,1252400,0
03/18/2009,19.8,20.98,19.2,20.95,0.97,+4.85%,1461600,0
03/17/2009,18.74,19.98,18.66,19.98,1.11,+5.88%,1107600,0
03/16/2009,19.35,19.81,18.73,18.87,0.07,+0.37%,1605700,0
03/13/2009,19.4,19.5,18.38,18.8,-0.45,-2.34%,1418000,0
03/12/2009,17.83,19.37,17.73,19.25,1.2,+6.65%,2305900,0
03/11/2009,18.91,19.39,17.91,18.05,-0.68,-3.63%,1445700,0
03/10/2009,17.13,18.75,17.06,18.73,2,+11.95%,1242600,0
03/09/2009,16.59,17.12,16.3,16.73,0.09,+0.54%,968400,0
03/06/2009,16.64,17,15.6,16.64,0.09,+0.54%,1668800,0
03/05/2009,16.87,16.99,16.25,16.55,-0.49,-2.88%,1998200,0
03/04/2009,16.99,17.42,16.26,17.04,0.26,+1.55%,1557800,0
03/03/2009,17.79,17.82,16.65,16.78,-0.75,-4.28%,1103200,0
03/02/2009,18.41,18.54,17.46,17.53,-1.1,-5.90%,1455800,0
02/27/2009,18.25,19.39,18.03,18.63,-0.17,-0.90%,1207900,0
02/26/2009,18.2,19.35,18.2,18.8,0.54,+2.96%,1494400,0
02/25/2009,17.85,18.85,17.05,18.26,0.21,+1.16%,1475200,0
02/24/2009,17.39,18.1,16.9,18.05,0.94,+5.49%,1606800,0
02/23/2009,18.03,18.44,16.97,17.11,-0.67,-3.77%,1757900,0
02/20/2009,16.99,18.03,16.52,17.78,0.54,+3.13%,1943500,0
02/19/2009,18.12,18.24,17.09,17.24,-0.79,-4.38%,1756700,0
02/18/2009,18.54,18.8,17.76,18.03,-0.32,-1.74%,906300,0
02/17/2009,18.99,20.05,18.11,18.35,-0.76,-3.98%,1007100,0
02/13/2009,19.96,20.22,19.1,19.11,-0.9,-4.50%,685800,0
02/12/2009,19.92,20.17,18.93,20.01,-0.34,-1.67%,1073400,0
02/11/2009,19.84,20.69,19.65,20.35,0.6,+3.04%,752400,0
02/10/2009,20.78,21.45,19.61,19.75,-1.47,-6.93%,1160900,0
02/09/2009,21.4,21.55,21,21.22,-0.07,-0.33%,675800,0
02/06/2009,20.11,21.29,19.78,21.29,1.42,+7.15%,1063400,0
02/05/2009,18.96,20.22,18.55,19.87,0.62,+3.22%,704700,0
02/04/2009,19.26,19.85,18.95,19.25,0.23,+1.21%,827400,0
02/03/2009,19.24,19.24,18.57,19.02,-0.05,-0.26%,693200,0
02/02/2009,18.31,19.46,18.31,19.07,0.17,+0.90%,768900,0
01/30/2009,19.89,20.08,18.81,18.9,-0.76,-3.87%,589200,0
01/29/2009,20.17,20.52,19.58,19.66,-1.24,-5.93%,676200,0
01/28/2009,20.46,20.96,19.95,20.9,1.58,+8.18%,924200,0
01/27/2009,19.4,19.52,18.77,19.32,0.32,+1.68%,610400,0
01/26/2009,20.3,20.3,18.63,19,-0.92,-4.62%,1192300,0
01/23/2009,17.17,20.13,16.01,19.92,3.26,+19.57%,2203400,0
01/22/2009,17.21,17.48,16.34,16.66,-1.01,-5.72%,1123800,0
01/21/2009,17.85,17.85,16.48,17.67,1.08,+6.51%,1796100,0
01/20/2009,18.09,18.41,16.59,16.59,-2.43,-12.78%,1573400,0
01/16/2009,19.44,19.45,18.21,19.02,0.21,+1.12%,891700,0
01/15/2009,18.93,19.41,18.03,18.81,0.05,+0.27%,891500,0
01/14/2009,19.25,19.63,18.7,18.76,-1.12,-5.63%,838100,0
01/13/2009,19.6,19.93,19.1,19.88,0.4,+2.05%,799800,0
01/12/2009,20.4,20.41,19.36,19.48,-0.84,-4.13%,700900,0
01/09/2009,21.71,21.71,20.16,20.32,-1.09,-5.09%,679800,0
01/08/2009,21.48,21.97,21,21.41,-0.18,-0.83%,547800,0
01/07/2009,22.05,22.6,21.53,21.59,-1.08,-4.76%,589600,0
01/06/2009,22.71,23.39,22.46,22.67,-0.35,-1.52%,661100,0
01/05/2009,23.44,23.59,22.85,23.02,-0.65,-2.75%,486000,0
01/02/2009,23.62,23.87,22.76,23.67,0.31,+1.33%,674500,0
12/31/2008,22.61,23.36,22.25,23.36,0.97,+4.33%,678300,0
12/30/2008,21.74,22.4,21.55,22.39,0.9,+4.19%,517100,0
12/29/2008,21.89,21.95,21.08,21.49,-0.2,-0.92%,420100,0
12/26/2008,21.29,21.77,21.12,21.69,0.26,+1.21%,286900,0
12/24/2008,20.68,21.44,20.49,21.43,0.76,+3.68%,261200,0
12/23/2008,20.66,20.87,20.31,20.67,0.33,+1.62%,440400,0
12/22/2008,21.13,21.16,19.97,20.34,-0.81,-3.83%,577500,0
12/19/2008,21.39,21.59,20.87,21.15,-0.04,-0.19%,722400,0
12/18/2008,21.6,21.89,20.85,21.19,-0.42,-1.94%,599500,0
12/17/2008,20.67,21.92,20.67,21.61,0.2,+0.93%,873900,0
12/16/2008,19.51,21.53,19.51,21.41,2.03,+10.47%,1134800,0
12/15/2008,19.97,19.97,18.99,19.38,-0.54,-2.71%,512100,0
12/12/2008,18.99,20.13,18.52,19.92,0.69,+3.59%,567100,0
12/11/2008,20.34,20.67,19.2,19.23,-1.66,-7.95%,658600,0
12/10/2008,20.92,21.24,20.19,20.89,0.36,+1.75%,421700,0
12/09/2008,21.42,21.48,20.45,20.53,-1.29,-5.91%,1041100,0
12/08/2008,22.46,22.46,21.06,21.82,0.23,+1.07%,696800,0
12/05/2008,19.67,21.66,19.41,21.59,1.41,+6.99%,778900,0
12/04/2008,20.41,21.25,19.8,20.18,-0.79,-3.77%,649300,0
12/03/2008,19.47,21,19.35,20.97,0.77,+3.81%,744400,0
12/02/2008,19.6,20.22,18.72,20.2,1.08,+5.65%,994500,0
12/01/2008,21.96,22,18.7,19.12,-3.12,-14.03%,1259700,0
11/28/2008,21.93,22.24,21.61,22.24,0.24,+1.09%,343300,0
11/26/2008,21,22.32,20.98,22,0.35,+1.62%,1003900,0
11/25/2008,22.53,22.95,19.87,21.65,-0.25,-1.14%,1409200,0
11/24/2008,19.39,22.41,18.5,21.9,3.58,+19.54%,1755100,0
11/21/2008,19,19.52,16.93,18.32,0.83,+4.75%,2198900,0
11/20/2008,18.06,19.19,17.47,17.49,-0.37,-2.07%,1416500,0
11/19/2008,19.68,20.02,17.86,17.86,-1.79,-9.11%,1130300,0
11/18/2008,19.8,20.14,18.7,19.65,0.11,+0.56%,650200,0
11/17/2008,19.31,20.07,19.11,19.54,-0.35,-1.76%,902900,0
11/14/2008,20.85,21.17,19.79,19.89,-1.57,-7.32%,689900,0
11/13/2008,20.08,21.5,18.79,21.46,1.73,+8.77%,907500,0
11/12/2008,20.74,21.16,19.73,19.73,-1.22,-5.82%,989800,0
11/11/2008,21.22,21.52,20.39,20.95,-0.31,-1.46%,619200,0
11/10/2008,22.55,22.99,21.02,21.26,-0.96,-4.32%,724100,0
11/07/2008,22.09,22.53,21.43,22.22,0.22,+1.00%,798800,0
11/06/2008,22.3,23.01,21.87,22,-0.42,-1.87%,773900,0
11/05/2008,23.95,24.25,22.37,22.42,-1.87,-7.70%,634400,0
11/04/2008,24.11,24.61,23.63,24.29,0.19,+0.79%,762000,0
11/03/2008,23.86,24.71,23.61,24.1,-0.17,-0.70%,658000,0
10/31/2008,22.65,24.29,22.46,24.27,1.3,+5.66%,880700,0
10/30/2008,22.76,22.97,22.25,22.97,0.86,+3.89%,523600,0
10/29/2008,22.55,23.16,21.73,22.11,-0.54,-2.38%,838600,0
10/28/2008,20.79,22.65,19.67,22.65,2.6,+12.97%,1214800,0
10/27/2008,19.57,21.1,19.57,20.05,0.03,+0.15%,588300,0
10/24/2008,18.75,20.94,18.75,20.02,-0.68,-3.29%,794800,0
10/23/2008,20.76,20.98,19.64,20.7,-0.12,-0.58%,1257400,0
10/22/2008,22.76,22.96,20.45,20.82,-2.45,-10.53%,1461900,0
10/21/2008,22,25.55,22,23.27,-2.66,-10.26%,830900,0
10/20/2008,26.03,26.25,25.29,25.93,0.38,+1.49%,866600,0
10/17/2008,24.75,26.13,24.5,25.55,-0.06,-0.23%,884900,0
10/16/2008,25.3,25.94,23.52,25.61,0.86,+3.47%,982300,0
10/15/2008,25.61,26.22,24.72,24.75,-1.75,-6.60%,1222800,0
10/14/2008,27.38,27.5,25.23,26.5,0.87,+3.39%,908200,0
10/13/2008,24.21,25.63,22.54,25.63,2.35,+10.09%,848700,0
10/10/2008,19.83,23.57,19.04,23.28,2.28,+10.86%,1666100,0
10/09/2008,23.6,23.6,21,21,-2.3,-9.87%,1184500,0
10/08/2008,24.5,27.86,23.3,23.3,-0.98,-4.04%,680000,0
10/07/2008,27.32,28.65,24.09,24.28,-3.27,-11.87%,769700,0
10/06/2008,26.95,28.3,25.71,27.55,-1.04,-3.64%,510100,0
10/03/2008,28.25,29,27.02,28.59,1.24,+4.53%,656300,0
10/02/2008,28.95,29.15,27.3,27.35,-1.9,-6.50%,399600,0
10/01/2008,27.88,29.25,27.41,29.25,1.12,+3.98%,647500,0
09/30/2008,27.06,28.25,26.59,28.13,1.98,+7.57%,549900,0
09/29/2008,25.8,28,25.8,26.15,-1.27,-4.63%,470000,0
09/26/2008,25.98,28.25,25.98,27.42,0.12,+0.44%,517700,0
09/25/2008,28.95,28.95,27.19,27.3,-0.95,-3.36%,577500,0
09/24/2008,29.2,29.24,26.98,28.25,-1.25,-4.24%,906900,0
09/23/2008,27.85,30.96,27.13,29.5,1.86,+6.73%,10219100,0
09/22/2008,30.26,31.49,26.56,27.64,-2.31,-7.71%,3488200,0
09/19/2008,31.9,31.9,25.05,29.95,1.73,+6.13%,2161600,0
09/18/2008,25.88,29.88,24.82,28.22,2.64,+10.32%,2831500,0
09/17/2008,25.17,25.98,24.48,25.58,-0.07,-0.27%,2031800,0
09/16/2008,24.51,25.98,24.39,25.65,0.35,+1.38%,1697600,0
09/15/2008,24.5,25.97,24.5,25.3,-0.58,-2.24%,1239900,0
09/12/2008,24.77,25.9,24.55,25.88,0.75,+2.98%,1530700,0
09/11/2008,23.69,25.15,23.29,25.13,0.73,+2.99%,1144300,0
09/10/2008,24.76,24.81,23.47,24.4,0,0.00%,720100,0
09/09/2008,24.73,25.32,24.28,24.4,-0.61,-2.44%,949700,0
09/08/2008,25,26.9,24.28,25.01,1.11,+4.64%,1061800,0
09/05/2008,22.81,24,22.63,23.9,0.96,+4.18%,548400,0
09/04/2008,23.45,23.68,22.91,22.94,-0.95,-3.98%,436000,0
09/03/2008,23.1,23.96,22.62,23.89,0.71,+3.06%,575000,0
09/02/2008,23.19,23.7,22.73,23.18,0.16,+0.70%,763200,0
08/29/2008,22.69,23.3,22.64,23.02,-0.11,-0.48%,351900,0
08/28/2008,22.54,23.13,22.38,23.13,0.76,+3.40%,388000,0
08/27/2008,22.34,22.68,22.08,22.37,0.16,+0.72%,362500,0
08/26/2008,21.81,22.3,21.76,22.21,0.36,+1.65%,682900,0
08/25/2008,22.47,22.47,21.78,21.85,-0.71,-3.15%,475500,0
08/22/2008,22.48,23,21.95,22.56,0.35,+1.58%,843100,0
08/21/2008,22.14,22.52,21.94,22.21,-0.22,-0.98%,515600,0
08/20/2008,23.13,23.13,21.9,22.43,-0.7,-3.03%,1129700,0
08/19/2008,23.6,23.6,22.85,23.13,-0.82,-3.42%,1023400,0
08/18/2008,24.9,24.9,23.75,23.95,-0.9,-3.62%,855800,0
08/15/2008,24.62,24.99,24.27,24.85,0.59,+2.43%,1141300,0
08/14/2008,23.81,24.27,23.6,24.26,0.36,+1.51%,1084800,0
08/13/2008,24.28,24.37,23.56,23.9,-0.79,-3.20%,1546500,0
08/12/2008,24.42,24.93,23.89,24.69,-0.17,-0.68%,2031100,0
08/11/2008,23.23,25,23.22,24.86,1.5,+6.42%,1575400,0
08/08/2008,22.49,23.58,22.43,23.36,0.96,+4.29%,823200,0
08/07/2008,21.87,22.89,21.81,22.4,0.01,+0.04%,1463000,0
08/06/2008,21.9,22.57,21.48,22.39,0.16,+0.72%,553500,0
08/05/2008,21.88,22.34,21.72,22.23,0.38,+1.74%,884900,0
08/04/2008,21.53,22.25,21.1,21.85,0.32,+1.49%,796100,0
08/01/2008,21.46,21.78,20.98,21.53,0.23,+1.08%,585800,0
07/31/2008,21.06,21.6,21.03,21.3,-0.08,-0.37%,753900,0
07/30/2008,21.53,22.18,20.78,21.38,0.09,+0.42%,942900,0
07/29/2008,20.15,21.32,20.02,21.29,1.34,+6.72%,954600,0
07/28/2008,20.98,21.02,19.86,19.95,-0.97,-4.64%,940400,0
07/25/2008,20.55,21.21,20.09,20.92,0.47,+2.30%,1545400,0
07/24/2008,21.21,21.69,20.26,20.45,-0.89,-4.17%,1312400,0
07/23/2008,21,21.99,20.59,21.34,0.17,+0.80%,1516200,0
07/22/2008,19.83,21.25,19.1,21.17,0.96,+4.75%,1704600,0
07/21/2008,21.24,21.48,19.55,20.21,-0.57,-2.74%,1535700,0
07/18/2008,21.58,21.8,19.18,20.78,-1.02,-4.68%,2665000,0
07/17/2008,18.3,21.8,18.04,21.8,3.9,+21.79%,1835400,0
07/16/2008,15.84,17.93,15.84,17.9,2.09,+13.22%,1697600,0
07/15/2008,16.14,16.64,15.15,15.81,-0.28,-1.74%,1941700,0
07/14/2008,17.09,17.2,16.05,16.09,-0.84,-4.96%,1659100,0
07/11/2008,17,17.22,16.07,16.93,-0.23,-1.34%,1804000,0
07/10/2008,16.5,17.86,16.47,17.16,0.72,+4.38%,1374100,0
07/09/2008,17.45,17.56,16.4,16.44,-1.01,-5.79%,882400,0
07/08/2008,16.22,17.46,16.2,17.45,1.02,+6.21%,871900,0
07/07/2008,17.1,17.17,16.27,16.43,-0.54,-3.18%,1419100,0
07/03/2008,17.39,17.69,16.84,16.97,-0.32,-1.85%,701100,0
07/02/2008,17.87,18.13,17.29,17.29,-0.41,-2.32%,744000,0
07/01/2008,17.45,17.94,17.09,17.7,0.21,+1.20%,1307000,0
06/30/2008,18.13,18.17,17.48,17.49,-0.62,-3.42%,842700,0
06/27/2008,17.8,18.52,17.8,18.11,0.37,+2.09%,1246600,0
06/26/2008,18.33,18.4,17.74,17.74,-0.68,-3.69%,1324300,0
06/25/2008,18.54,19.38,18.42,18.42,0.14,+0.77%,1352100,0
06/24/2008,18.42,18.63,18.16,18.28,-0.29,-1.56%,1598600,0
06/23/2008,19.7,19.98,18.17,18.57,-1.92,-9.37%,3087300,0
06/20/2008,19.67,20.71,19.67,20.49,0.35,+1.74%,1562800,0
06/19/2008,20.39,20.72,19.7,20.14,-0.24,-1.18%,1258400,0
06/18/2008,20.9,21.04,20.3,20.38,-0.82,-3.87%,1213000,0
06/17/2008,21.74,21.99,21.02,21.2,-0.55,-2.53%,473700,0
06/16/2008,20.98,21.91,20.85,21.75,0.64,+3.03%,419300,0
06/13/2008,21.88,21.88,20.56,21.11,-0.54,-2.49%,879400,0
06/12/2008,21.79,22.47,21.5,21.65,0.08,+0.37%,476300,0
06/11/2008,21.99,22.1,21.43,21.57,-0.57,-2.57%,664100,0
06/10/2008,21.77,22.51,21.7,22.14,0.3,+1.37%,434900,0
06/09/2008,22.32,22.47,21.64,21.84,-0.33,-1.49%,537300,0
06/06/2008,22.73,22.97,22.07,22.17,-0.89,-3.86%,690100,0
06/05/2008,23.19,23.22,22.8,23.06,0.15,+0.65%,1010500,0
06/04/2008,22.13,23.18,22.13,22.91,-0.11,-0.48%,545900,0
06/03/2008,23.34,23.43,22.89,23.02,-0.27,-1.16%,477300,0
06/02/2008,23.52,23.7,23.11,23.29,-0.38,-1.61%,575000,0
05/30/2008,23.83,23.93,23.38,23.67,-0.25,-1.05%,548900,0
05/29/2008,23.57,24.1,23.57,23.92,0.29,+1.23%,456000,0
05/28/2008,24.38,24.38,23.45,23.63,-0.48,-1.99%,647600,0
05/27/2008,24.08,24.33,23.75,24.11,0.2,+0.84%,382200,0
05/23/2008,24.15,24.15,23.8,23.91,-0.17,-0.71%,211800,0
05/22/2008,24,24.45,23.95,24.08,0,0.00%,294100,0
05/21/2008,24.19,24.5,23.95,24.08,-0.08,-0.33%,260800,0
05/20/2008,23.91,24.36,23.65,24.16,0.21,+0.88%,535000,0
05/19/2008,24,24.24,23.7,23.95,0.05,+0.21%,218400,0
05/16/2008,24.63,24.63,23.8,23.9,-0.73,-2.96%,296400,0
05/15/2008,24.41,24.65,24,24.63,0.12,+0.49%,240800,0
05/14/2008,24.59,24.67,24.42,24.51,-0.08,-0.33%,175200,0
05/13/2008,24.91,24.91,24.49,24.59,-0.19,-0.77%,243000,0
05/12/2008,24.01,24.84,24.01,24.78,0.96,+4.03%,310500,0
05/09/2008,23.84,24.28,23.71,23.82,-0.13,-0.54%,353500,0
05/08/2008,24.37,24.4,23.9,23.95,-0.28,-1.16%,343200,0
05/07/2008,24.9,24.9,24.23,24.23,-0.53,-2.14%,290600,0
05/06/2008,24.64,24.94,24.06,24.76,0.07,+0.28%,258000,0
05/05/2008,24.95,25.01,24.43,24.69,-0.21,-0.84%,249300,0
05/02/2008,25.15,25.3,24.73,24.9,-0.19,-0.76%,495700,0
05/01/2008,24,25.14,23.76,25.09,1.06,+4.41%,410500,0
04/30/2008,24.45,24.54,24.02,24.03,-0.32,-1.31%,238700,0
04/29/2008,24.37,24.46,24.15,24.35,0.08,+0.33%,197900,0
04/28/2008,24.5,24.5,23.78,24.27,-0.09,-0.37%,280900,0
04/25/2008,24.44,24.53,23.6,24.36,0.11,+0.45%,266900,0
04/24/2008,23.43,24.35,23.25,24.25,0.82,+3.50%,356000,0
04/23/2008,24.41,24.54,23.35,23.43,-0.9,-3.70%,482900,0
04/22/2008,24.22,24.5,23.62,24.33,0.15,+0.62%,508100,0
04/21/2008,24.85,24.85,24.11,24.18,-0.79,-3.16%,291600,0
04/18/2008,25.21,25.3,24.86,24.97,-0.07,-0.28%,435900,0
04/17/2008,24.42,25.04,24.17,25.04,0.44,+1.79%,443400,0
04/16/2008,24,24.6,23.77,24.6,1.03,+4.37%,399400,0
04/15/2008,22.7,23.58,22.7,23.57,1.09,+4.85%,707100,0
04/14/2008,23,23,22.4,22.48,-0.42,-1.83%,291600,0
04/11/2008,22.9,23.31,22.81,22.9,-0.38,-1.63%,296700,0
04/10/2008,22.89,23.36,22.54,23.28,0.41,+1.79%,686500,0
04/09/2008,23.7,23.83,22.85,22.87,-0.76,-3.22%,324000,0
04/08/2008,23.69,23.99,23.31,23.63,-0.09,-0.38%,444200,0
04/07/2008,23.73,23.84,23.33,23.72,0.25,+1.07%,326500,0
04/04/2008,24.38,24.38,23.44,23.47,-0.74,-3.06%,283200,0
04/03/2008,24.27,24.37,23.85,24.21,-0.08,-0.33%,323500,0
04/02/2008,24.65,24.69,23.93,24.29,-0.22,-0.90%,471000,0
04/01/2008,23.91,24.51,23.66,24.51,1.35,+5.83%,654200,0
03/31/2008,22.87,23.47,22.8,23.16,0.31,+1.36%,282100,0
03/28/2008,23.45,23.52,22.8,22.85,-0.44,-1.89%,304800,0
03/27/2008,23.86,24.02,23.29,23.29,-0.59,-2.47%,373300,0
03/26/2008,24.06,24.38,23.67,23.88,-0.52,-2.13%,311800,0
03/25/2008,24.18,24.68,23.71,24.4,0.08,+0.33%,325800,0
03/24/2008,24.38,24.95,24.04,24.32,0.15,+0.62%,629700,0
03/20/2008,23.05,24.17,22.91,24.17,1.03,+4.45%,633700,0
03/19/2008,23.59,23.85,23.12,23.14,-0.34,-1.45%,549200,0
03/18/2008,23.54,23.77,22.52,23.48,0.39,+1.69%,960200,0
03/17/2008,21.07,23.29,21.07,23.09,0.19,+0.83%,536300,0
03/14/2008,23.63,23.8,22.73,22.9,-0.43,-1.84%,533700,0
03/13/2008,22.5,23.48,22.17,23.33,0.52,+2.28%,458100,0
03/12/2008,23.31,24.14,22.73,22.81,-0.61,-2.60%,483300,0
03/11/2008,22.72,23.42,22.05,23.42,1.83,+8.48%,561200,0
03/10/2008,21.87,22.06,21.36,21.59,-0.12,-0.55%,290000,0
03/07/2008,20.81,22.07,20.77,21.71,0.57,+2.70%,438600,0
03/06/2008,21.55,21.69,21.14,21.14,-0.39,-1.81%,347800,0
03/05/2008,22.23,22.43,21.5,21.53,-0.51,-2.31%,472700,0
03/04/2008,22.25,22.25,21.45,22.04,-0.21,-0.94%,712200,0
03/03/2008,22.5,22.7,22.04,22.25,-0.23,-1.02%,456600,0
02/29/2008,23.24,23.46,22.36,22.48,-1.2,-5.07%,426900,0
02/28/2008,23.78,23.95,23.17,23.68,-0.15,-0.63%,381100,0
02/27/2008,24,24.28,23.62,23.83,-0.23,-0.96%,294000,0
02/26/2008,23.74,24.1,23.68,24.06,0.18,+0.75%,263200,0
02/25/2008,23.4,23.9,23.07,23.88,0.38,+1.62%,369400,0
02/22/2008,23.5,23.75,22.88,23.5,0.04,+0.17%,349900,0
02/21/2008,24.2,24.2,23.35,23.46,-0.57,-2.37%,208800,0
02/20/2008,23.13,24.08,23,24.03,0.82,+3.53%,361500,0
02/19/2008,24.29,24.32,23.11,23.21,-0.77,-3.21%,476700,0
02/15/2008,23.86,24.5,23.57,23.98,0.26,+1.10%,482100,0
02/14/2008,24.34,24.42,23.72,23.72,-0.62,-2.55%,278500,0
02/13/2008,24.49,24.7,23.87,24.34,-0.12,-0.49%,212700,0
02/12/2008,24.38,24.72,24.14,24.46,0.44,+1.83%,430500,0
02/11/2008,24.13,24.42,23.49,24.02,0.01,+0.04%,555700,0
02/08/2008,23.86,24.34,23.44,24.01,-0.06,-0.25%,383500,0
02/07/2008,23.62,24.57,23.41,24.07,0.2,+0.84%,431400,0
02/06/2008,24.18,24.48,23.57,23.87,-0.03,-0.13%,341900,0
02/05/2008,24.63,25,23.9,23.9,-0.99,-3.98%,412400,0
02/04/2008,25.08,25.4,24.68,24.89,-0.56,-2.20%,275400,0
02/01/2008,24.65,25.5,24.37,25.45,0.98,+4.00%,674200,0
01/31/2008,23.79,24.78,23,24.47,0.53,+2.21%,553700,0
01/30/2008,24.34,24.83,23.76,23.94,-0.52,-2.13%,584400,0
01/29/2008,24.27,24.6,23.43,24.46,0.47,+1.96%,447600,0
01/28/2008,23.58,24.02,22.85,23.99,0.49,+2.09%,527000,0
01/25/2008,23.77,23.84,23.25,23.5,0.39,+1.69%,667400,0
01/24/2008,22.75,23.67,22.6,23.11,0.47,+2.08%,608600,0
01/23/2008,20.86,23.02,20.86,22.64,1.01,+4.67%,799600,0
01/22/2008,19.01,22.07,19.01,21.63,1.46,+7.24%,941300,0
01/18/2008,20.94,21.01,19.96,20.17,-0.48,-2.32%,514500,0
01/17/2008,21.36,21.44,20.65,20.65,-0.5,-2.36%,442000,0
01/16/2008,20.66,21.42,20.66,21.15,0.58,+2.82%,386800,0
01/15/2008,21.25,21.31,20.56,20.57,-0.84,-3.92%,775000,0
01/14/2008,21.6,21.66,21.05,21.41,-0.01,-0.05%,275900,0
01/11/2008,21.38,21.87,20.95,21.42,-0.08,-0.37%,408300,0
01/10/2008,21.31,21.83,21,21.5,0.02,+0.09%,732200,0
01/09/2008,21.51,21.72,20.89,21.48,-0.03,-0.14%,665300,0
01/08/2008,22.55,22.62,21.39,21.51,-0.97,-4.31%,729500,0
01/07/2008,22.15,23.02,21.81,22.48,0.44,+2.00%,384100,0
01/04/2008,22.69,22.76,21.96,22.04,-0.82,-3.59%,425600,0
01/03/2008,23.64,23.73,22.86,22.86,-0.57,-2.43%,304100,0
01/02/2008,23.7,23.77,22.89,23.43,-0.18,-0.76%,408500,0
12/31/2007,23.45,23.89,23.25,23.61,0.25,+1.07%,174800,0
12/28/2007,23.86,24.02,23.34,23.36,-0.38,-1.60%,174700,0
12/27/2007,24.53,24.53,23.73,23.74,-0.74,-3.02%,156700,0
12/26/2007,24.67,24.67,24.3,24.48,-0.12,-0.49%,138700,0
12/24/2007,24.49,24.7,24.27,24.6,0.23,+0.94%,107500,0
12/21/2007,24.34,24.39,23.83,24.37,0.46,+1.92%,297500,0
12/20/2007,23.45,23.93,23.05,23.91,0.61,+2.62%,287700,0
12/19/2007,23.59,23.78,22.97,23.3,-0.22,-0.94%,308900,0
12/18/2007,23.16,23.81,22.96,23.52,0.4,+1.73%,369300,0
12/17/2007,23.16,23.48,23,23.12,-0.03,-0.13%,273700,0
12/14/2007,24,24.06,23.14,23.15,-0.9,-3.74%,465000,0
12/13/2007,23.14,25,22.87,24.05,0.65,+2.78%,1003600,0
12/12/2007,24.69,24.75,23.12,23.4,-0.84,-3.47%,429900,0
12/11/2007,25.78,25.78,24.24,24.24,-1.25,-4.90%,701600,0
12/10/2007,24.79,25.67,24.76,25.49,0.58,+2.33%,436700,0
12/07/2007,25.26,25.26,24.69,24.91,-0.34,-1.35%,222300,0
12/06/2007,24.14,25.25,24.12,25.25,0.94,+3.87%,357800,0
12/05/2007,23.94,24.33,23.78,24.31,0.57,+2.40%,312400,0
12/04/2007,23.88,23.95,23.38,23.74,-0.14,-0.59%,354600,0
12/03/2007,24.24,24.43,23.72,23.88,-0.58,-2.37%,294300,0
11/30/2007,23.92,24.73,23.92,24.46,1,+4.26%,488900,0
11/29/2007,24.17,24.4,23.32,23.46,-0.94,-3.85%,401300,0
11/28/2007,23.09,24.48,23.01,24.4,1.62,+7.11%,523100,0
11/27/2007,22.5,23.02,22.44,22.78,0.37,+1.65%,304900,0
11/26/2007,23.52,23.52,22.36,22.41,-0.96,-4.11%,293800,0
11/23/2007,23.08,23.67,22.69,23.37,0.71,+3.13%,112000,0
11/21/2007,22.37,23.29,22.18,22.66,0.14,+0.62%,314900,0
11/20/2007,22.8,23.18,22.03,22.52,-0.18,-0.79%,284100,0
11/19/2007,22.81,23.01,22.01,22.7,-0.38,-1.65%,384000,0
11/16/2007,22.87,23.27,22.35,23.08,0.34,+1.50%,434000,0
11/15/2007,23.65,23.65,22.61,22.74,-0.89,-3.77%,327500,0
11/14/2007,24.09,24.46,23.5,23.63,-0.31,-1.29%,190900,0
11/13/2007,23.07,23.98,23.07,23.94,0.94,+4.09%,342500,0
11/12/2007,22.54,23.68,22.54,23,0.2,+0.88%,315000,0
11/09/2007,22,23.13,21.63,22.8,0.69,+3.12%,503300,0
11/08/2007,21.74,22.22,21.19,22.11,0.51,+2.36%,574800,0
11/07/2007,22.37,22.52,21.6,21.6,-0.98,-4.34%,357900,0
11/06/2007,22.15,22.58,21.75,22.58,0.52,+2.36%,311400,0
11/05/2007,21.95,22.17,21.51,22.06,0.14,+0.64%,340900,0
11/02/2007,23.2,23.24,21.7,21.92,-1.05,-4.57%,625900,0
11/01/2007,23.94,23.94,22.91,22.97,-1.29,-5.32%,174300,0
10/31/2007,24.09,24.67,23.63,24.26,0.18,+0.75%,333300,0
10/30/2007,23.82,24.33,23.64,24.08,0.26,+1.09%,242700,0
10/29/2007,23.72,23.97,23.51,23.82,0.02,+0.08%,207400,0
10/26/2007,23.31,23.84,23.31,23.8,0.69,+2.99%,268300,0
10/25/2007,23.11,23.48,22.83,23.11,-0.11,-0.47%,321600,0
10/24/2007,23.54,23.54,22.73,23.22,-0.32,-1.36%,213100,0
10/23/2007,23.52,23.63,23.18,23.54,0.17,+0.73%,187000,0
10/22/2007,23.16,23.95,23.16,23.37,0.25,+1.08%,262200,0
10/19/2007,23.33,23.42,23.12,23.12,-0.21,-0.90%,201900,0
10/18/2007,23.38,23.48,22.92,23.33,-0.24,-1.02%,179600,0
10/17/2007,23.62,23.92,23.31,23.57,0.08,+0.34%,251000,0
10/16/2007,24.08,24.17,23.3,23.49,-0.68,-2.81%,189200,0
10/15/2007,24.3,24.42,23.96,24.17,-0.15,-0.62%,147900,0
10/12/2007,24.34,24.5,24.25,24.32,-0.02,-0.08%,144900,0
10/11/2007,24.84,24.9,24.25,24.34,-0.46,-1.85%,248600,0
10/10/2007,24.94,25.14,24.69,24.8,-0.36,-1.43%,132300,0
10/09/2007,25.17,25.24,25.01,25.16,-0.04,-0.16%,132800,0
10/08/2007,25.45,25.49,25.17,25.2,-0.25,-0.98%,64200,0
10/05/2007,25.4,25.52,25.26,25.45,0.22,+0.87%,70000,0
10/04/2007,25.12,25.42,25.12,25.23,0.07,+0.28%,79400,0
10/03/2007,25.33,25.48,25.02,25.16,-0.27,-1.06%,125200,0
10/02/2007,24.97,25.43,24.97,25.43,0.44,+1.76%,122300,0
10/01/2007,24.56,25.26,24.36,24.99,0.69,+2.84%,231300,0
09/28/2007,24.89,25,24.2,24.3,-0.75,-2.99%,210600,0
09/27/2007,24.92,25.1,24.88,25.05,0.14,+0.56%,102400,0
09/26/2007,24.77,25.02,24.53,24.91,0.27,+1.10%,89500,0
09/25/2007,24.73,24.87,24.5,24.64,-0.09,-0.36%,91300,0
09/24/2007,25.3,25.4,24.7,24.73,-0.49,-1.94%,177500,0
09/21/2007,25.44,25.5,25.12,25.22,-0.1,-0.39%,168700,0
09/20/2007,25.72,25.72,25.16,25.32,-0.4,-1.56%,163400,0
09/19/2007,26.04,26.5,25.43,25.72,-0.28,-1.08%,270300,0
09/18/2007,24.81,26,24.75,26,1.19,+4.80%,268500,0
09/17/2007,24.97,24.97,24.72,24.81,-0.18,-0.72%,109800,0
09/14/2007,24.51,25.07,24.43,24.99,0.34,+1.38%,167600,0
09/13/2007,24.34,24.7,24,24.65,0.65,+2.71%,275900,0
09/12/2007,24.14,24.14,23.82,24,-0.38,-1.56%,113600,0
09/11/2007,24.24,24.73,24.17,24.38,0.14,+0.58%,149900,0
09/10/2007,24.54,24.63,23.98,24.24,-0.27,-1.10%,156100,0
09/07/2007,24.24,24.67,24.13,24.51,-0.06,-0.24%,203400,0
09/06/2007,24.14,24.72,24.14,24.57,0.47,+1.95%,184900,0
09/05/2007,24.65,24.7,24.1,24.1,-0.73,-2.94%,475200,0
09/04/2007,24.99,25.21,24.75,24.83,-0.16,-0.64%,215800,0
08/31/2007,25,25.62,24.87,24.99,0.15,+0.60%,267400,0
08/30/2007,24.67,25.29,24.62,24.84,-0.13,-0.52%,193600,0
08/29/2007,24.59,25.02,24.54,24.97,0.63,+2.59%,193300,0
08/28/2007,24.59,24.7,24.33,24.34,-0.52,-2.09%,189000,0
08/27/2007,24.98,25.02,24.63,24.86,-0.14,-0.56%,146900,0
08/24/2007,24.33,25.06,24.22,25,0.1,+0.40%,208500,0
08/23/2007,25.4,25.69,24.73,24.9,-0.55,-2.16%,226700,0
08/22/2007,25.75,26.05,24.67,25.45,-0.14,-0.55%,608100,0
08/21/2007,24.49,25.69,24.49,25.59,1.12,+4.58%,440100,0
08/20/2007,25,25,24.15,24.47,-0.43,-1.73%,372500,0
08/17/2007,23.79,25.08,23.79,24.9,0.51,+2.09%,466500,0
08/16/2007,22.15,24.39,22.12,24.39,2.3,+10.41%,515600,0
08/15/2007,22.32,23,22.03,22.09,-0.32,-1.43%,202900,0
08/14/2007,23.12,23.23,22.41,22.41,-0.72,-3.11%,180300,0
08/13/2007,23.99,24.15,23.08,23.13,-0.53,-2.24%,202900,0
08/10/2007,22.38,23.81,21.75,23.66,0.96,+4.23%,341800,0
08/09/2007,24.5,24.68,22.66,22.7,-2,-8.10%,554000,0
08/08/2007,24.24,25,23.92,24.7,0.56,+2.32%,436500,0
08/07/2007,23.66,24.46,23.4,24.14,0.4,+1.68%,308400,0
08/06/2007,22.7,23.76,22.11,23.74,1.13,+5.00%,365900,0
08/03/2007,23.65,23.65,22.58,22.61,-0.98,-4.15%,223800,0
08/02/2007,23.5,23.86,23.38,23.59,0.07,+0.30%,177700,0
08/01/2007,23.37,23.59,23.01,23.52,0.17,+0.73%,280000,0
07/31/2007,23.63,23.96,23.35,23.35,-0.18,-0.76%,218000,0
07/30/2007,23.25,23.64,23,23.53,0.34,+1.47%,188400,0
07/27/2007,23.15,23.77,23.01,23.19,-0.02,-0.09%,264400,0
07/26/2007,23.4,23.51,23.03,23.21,-0.36,-1.53%,615900,0
07/25/2007,23.39,23.83,23.16,23.57,0.39,+1.68%,311600,0
07/24/2007,23.26,23.3,22.9,23.18,-0.19,-0.81%,370000,0
07/23/2007,23.39,23.5,23.16,23.37,0.08,+0.34%,185000,0
07/20/2007,23.79,23.87,23,23.29,-0.52,-2.18%,200600,0
07/19/2007,23.81,23.99,23.48,23.81,0.02,+0.08%,219100,0
07/18/2007,24.15,24.21,23.67,23.79,-0.54,-2.22%,234200,0
07/17/2007,24.19,24.48,24.19,24.33,0.08,+0.33%,83900,0
07/16/2007,24.3,24.36,24.19,24.25,-0.12,-0.49%,87200,0
07/13/2007,24.46,24.55,24.29,24.37,-0.03,-0.12%,158200,0
07/12/2007,23.75,24.47,23.75,24.4,0.66,+2.78%,207200,0
07/11/2007,24,24.08,23.52,23.74,-0.29,-1.21%,281400,0
07/10/2007,24.33,24.33,23.9,24.03,-0.46,-1.88%,210600,0
07/09/2007,24.95,24.95,24.46,24.49,-0.45,-1.80%,167600,0
07/06/2007,24.83,25,24.67,24.94,0.06,+0.24%,76100,0
07/05/2007,24.93,25,24.79,24.88,-0.09,-0.36%,72500,0
07/03/2007,24.91,25,24.82,24.97,0.18,+0.73%,56100,0
07/02/2007,24.69,24.94,24.58,24.79,0.33,+1.35%,154300,0
06/29/2007,24.72,24.77,24.32,24.46,-0.16,-0.65%,96400,0
06/28/2007,24.82,24.82,24.54,24.62,-0.27,-1.08%,250100,0
06/27/2007,24.61,24.95,24.44,24.89,0.24,+0.97%,166700,0
06/26/2007,24.7,24.97,24.64,24.65,-0.03,-0.12%,105600,0
06/25/2007,24.57,25.01,24.53,24.68,0.08,+0.33%,98500,0
06/22/2007,24.87,24.99,24.6,24.6,-0.38,-1.52%,223500,0
06/21/2007,25.06,25.22,24.82,24.98,-0.08,-0.32%,554400,0
06/20/2007,25.09,25.21,24.89,25.06,-0.04,-0.16%,390700,0
06/19/2007,24.71,25.11,24.64,25.1,0.35,+1.41%,255300,0
06/18/2007,25.02,25.02,24.72,24.75,-0.35,-1.39%,140900,0
06/15/2007,24.78,25.1,24.78,25.1,0.44,+1.78%,130200,0
06/14/2007,24.59,24.84,24.59,24.66,0.11,+0.45%,75000,0
06/13/2007,24.4,24.55,24.06,24.55,0.13,+0.53%,120300,0
06/12/2007,24.71,24.77,24.34,24.42,-0.38,-1.53%,124800,0
06/11/2007,24.68,24.89,24.46,24.8,0.22,+0.90%,97400,0
06/08/2007,24.47,24.58,24.33,24.58,0.14,+0.57%,115100,0
06/07/2007,24.72,24.8,24.29,24.44,-0.36,-1.45%,147000,0
06/06/2007,24.9,24.91,24.71,24.8,-0.17,-0.68%,105400,0
06/05/2007,25.27,25.27,24.96,24.97,-0.34,-1.34%,85300,0
06/04/2007,25.32,25.39,25.18,25.31,-0.06,-0.24%,96200,0
06/01/2007,25.29,25.4,25.09,25.37,0.33,+1.32%,191200,0
05/31/2007,25.24,25.3,24.89,25.04,-0.2,-0.79%,233000,0
05/30/2007,25.11,25.25,24.99,25.24,0.09,+0.36%,79600,0
05/29/2007,25.02,25.28,25.02,25.15,0.23,+0.92%,82000,0
05/25/2007,24.95,25.01,24.69,24.92,-0.1,-0.40%,113600,0
05/24/2007,25.15,25.4,24.87,25.02,-0.21,-0.83%,112000,0
05/23/2007,25.19,25.4,25.01,25.23,0.05,+0.20%,129000,0
05/22/2007,25.27,25.3,25.06,25.18,-0.14,-0.55%,112300,0
05/21/2007,25.05,25.39,25.03,25.32,0.1,+0.40%,112200,0
05/18/2007,25.26,25.34,25.14,25.22,0.03,+0.12%,72300,0
05/17/2007,25.05,25.29,25.05,25.19,0.06,+0.24%,112100,0
05/16/2007,24.98,25.15,24.96,25.13,0.23,+0.92%,94100,0
05/15/2007,24.97,25.26,24.9,24.9,-0.1,-0.40%,95200,0
05/14/2007,25.35,25.39,24.92,25,-0.3,-1.19%,114500,0
05/11/2007,24.99,25.35,24.99,25.3,0.29,+1.16%,107000,0
05/10/2007,25.3,25.3,24.96,25.01,-0.42,-1.65%,98100,0
05/09/2007,25.39,25.55,25.23,25.43,0.06,+0.24%,125800,0
05/08/2007,25.12,25.37,24.95,25.37,0.16,+0.63%,154000,0
05/07/2007,25.23,25.41,25.03,25.21,-0.02,-0.08%,119800,0
05/04/2007,25.1,25.4,24.99,25.23,0.2,+0.80%,129300,0
05/03/2007,24.7,25.08,24.66,25.03,0.34,+1.38%,143100,0
05/02/2007,24.53,24.71,24.38,24.69,0.22,+0.90%,204000,0
05/01/2007,24.62,24.64,24.28,24.47,-0.1,-0.41%,143700,0
04/30/2007,25,25.01,24.55,24.57,-0.38,-1.52%,130900,0
04/27/2007,24.9,25.09,24.9,24.95,-0.06,-0.24%,140900,0
04/26/2007,24.84,25.11,24.64,25.01,0.18,+0.72%,162500,0
04/25/2007,24.85,25.03,24.72,24.83,-0.06,-0.24%,258100,0
04/24/2007,24.5,24.89,24.2,24.89,0.81,+3.36%,302800,0
04/23/2007,24.3,24.43,24.08,24.08,-0.22,-0.91%,70900,0
04/20/2007,24.5,24.52,24.03,24.3,0.13,+0.54%,109900,0
04/19/2007,24.28,24.35,23.86,24.17,-0.09,-0.37%,99700,0
04/18/2007,24.5,24.59,24.26,24.26,-0.3,-1.22%,204400,0
04/17/2007,24.5,24.85,24.46,24.56,0.06,+0.24%,139600,0
04/16/2007,23.73,24.52,23.73,24.5,0.81,+3.42%,304000,0
04/13/2007,23.65,23.84,23.6,23.69,0,0.00%,108700,0
04/12/2007,23.43,23.7,23.22,23.69,0.25,+1.07%,124000,0
04/11/2007,23.77,23.78,23.44,23.44,-0.33,-1.39%,77300,0
04/10/2007,23.55,23.78,23.55,23.77,0.16,+0.68%,77400,0
04/09/2007,23.68,23.81,23.42,23.61,-0.08,-0.34%,113100,0
04/05/2007,23.81,23.91,23.59,23.69,-0.18,-0.75%,141100,0
04/04/2007,24.23,24.39,23.82,23.87,-0.41,-1.69%,204100,0
04/03/2007,24.2,24.49,24.2,24.28,0.18,+0.75%,95300,0
04/02/2007,24.58,24.58,24.06,24.1,-0.35,-1.43%,207900,0
03/30/2007,24.62,24.77,24.22,24.45,-0.11,-0.45%,118100,0
03/29/2007,24.65,24.68,24.33,24.56,0.01,+0.04%,83700,0
03/28/2007,24.73,24.84,24.37,24.55,-0.07,-0.28%,73800,0
03/27/2007,24.9,24.97,24.59,24.62,-0.4,-1.60%,92900,0
03/26/2007,25.16,25.23,24.84,25.02,-0.14,-0.56%,93000,0
03/23/2007,25.12,25.25,24.96,25.16,0.16,+0.64%,157500,0
03/22/2007,24.87,25.14,24.67,25,-0.07,-0.28%,129300,0
03/21/2007,24.34,25.07,24.34,25.07,0.7,+2.87%,101200,0
03/20/2007,24.25,24.41,24.22,24.37,0.07,+0.29%,54800,0
03/19/2007,24.2,24.54,24.15,24.3,0.07,+0.29%,72100,0
03/16/2007,24.4,24.54,24.1,24.23,-0.17,-0.70%,72300,0
03/15/2007,24.01,24.42,23.97,24.4,0.35,+1.46%,96200,0
03/14/2007,23.73,24.07,23.51,24.05,0.24,+1.01%,114400,0
03/13/2007,24.64,24.64,23.74,23.81,-1.04,-4.19%,176800,0
03/12/2007,24.92,25.13,24.78,24.85,-0.14,-0.56%,75900,0
03/09/2007,25.12,25.21,24.93,24.99,-0.05,-0.20%,64000,0
03/08/2007,24.98,25.27,24.98,25.04,0.16,+0.64%,52800,0
03/07/2007,24.94,25.1,24.85,24.88,-0.09,-0.36%,85300,0
03/06/2007,24.9,25.13,24.84,24.97,0.31,+1.26%,279900,0
03/05/2007,24.83,24.99,24.63,24.66,-0.36,-1.44%,195700,0
03/02/2007,25.09,25.17,24.93,25.02,-0.11,-0.44%,80600,0
03/01/2007,24.76,25.31,24.46,25.13,0.23,+0.92%,196700,0
02/28/2007,25.13,25.34,24.83,24.9,-0.23,-0.92%,183400,0
02/27/2007,25.35,25.5,24.95,25.13,-0.58,-2.26%,263200,0
02/26/2007,25.9,25.98,25.5,25.71,-0.15,-0.58%,91000,0
02/23/2007,26.17,26.17,25.76,25.86,-0.31,-1.18%,122600,0
02/22/2007,25.93,26.17,25.79,26.17,0.14,+0.54%,116900,0
02/21/2007,26.03,26.05,25.84,26.03,-0.02,-0.08%,59400,0
02/20/2007,26,26.05,25.73,26.05,0.04,+0.15%,111200,0
02/16/2007,26,26.09,25.83,26.01,0.04,+0.15%,71200,0
02/15/2007,26,26.06,25.82,25.97,0.02,+0.08%,100700,0
02/14/2007,26.09,26.12,25.84,25.95,-0.05,-0.19%,102500,0
02/13/2007,25.65,26.04,25.65,26,0.31,+1.21%,86000,0
02/12/2007,25.79,25.83,25.6,25.69,0.02,+0.08%,123500,0
02/09/2007,25.75,26,25.66,25.67,-0.17,-0.66%,93100,0
02/08/2007,25.98,26.06,25.84,25.84,-0.23,-0.88%,163700,0
02/07/2007,25.73,26.15,25.73,26.07,0.43,+1.68%,152700,0
02/06/2007,25.4,25.88,25.4,25.64,0.29,+1.14%,191200,0
02/05/2007,25.64,25.77,25.35,25.35,-0.31,-1.21%,170300,0
02/02/2007,25.29,25.89,25.29,25.66,0.39,+1.54%,212500,0
02/01/2007,25.44,25.44,25.23,25.27,-0.06,-0.24%,156400,0
01/31/2007,25.16,25.33,25.05,25.33,0.1,+0.40%,237500,0
01/30/2007,25.17,25.26,25.01,25.23,0,0.00%,134400,0
01/29/2007,25.03,25.31,24.93,25.23,0.33,+1.33%,136800,0
01/26/2007,24.91,24.96,24.75,24.9,-0.05,-0.20%,87700,0
01/25/2007,25.2,25.22,24.8,24.95,-0.27,-1.07%,105500,0
01/24/2007,24.88,25.34,24.72,25.22,0.22,+0.88%,128000,0
01/23/2007,24.65,25.08,24.65,25,0.23,+0.93%,184300,0
01/22/2007,25.23,25.23,24.71,24.77,-0.36,-1.43%,223600,0
01/19/2007,25.25,25.44,24.77,25.13,-0.74,-2.86%,336800,0
01/18/2007,26.2,26.2,25.51,25.87,-0.28,-1.07%,176200,0
01/17/2007,26.1,26.3,25.63,26.15,-0.09,-0.34%,299700,0
01/16/2007,26.6,26.83,26.21,26.24,-0.46,-1.72%,130100,0
01/12/2007,26.6,26.87,26.6,26.7,-0.02,-0.07%,67600,0
01/11/2007,26.54,26.98,26.54,26.72,0.23,+0.87%,114700,0
01/10/2007,26.48,26.64,26.44,26.49,-0.12,-0.45%,78100,0
01/09/2007,26.7,26.7,26.25,26.61,0.03,+0.11%,70500,0
01/08/2007,26.59,26.99,26.39,26.58,0.02,+0.08%,154700,0
01/05/2007,27.13,27.19,26.37,26.56,-0.74,-2.71%,205000,0
01/04/2007,27.4,27.46,27.19,27.3,-0.21,-0.76%,162700,0
01/03/2007,27.15,27.56,27,27.51,0.69,+2.57%,265900,0
12/29/2006,27.28,27.34,26.81,26.82,-0.53,-1.94%,81600,0
12/28/2006,27.23,27.54,27.06,27.35,0.04,+0.15%,49800,0
12/27/2006,27.05,27.49,27.05,27.31,0.42,+1.56%,91400,0
12/26/2006,26.41,26.97,26.41,26.89,0.4,+1.51%,104000,0
12/22/2006,26.84,26.84,26.47,26.49,-0.31,-1.16%,85400,0
12/21/2006,26.64,26.8,26.6,26.8,0.09,+0.34%,71800,0
12/20/2006,26.63,26.84,26.63,26.71,-0.03,-0.11%,79800,0
12/19/2006,26.26,26.74,26.26,26.74,0.4,+1.52%,92200,0
12/18/2006,26.51,26.8,26.31,26.34,-0.18,-0.68%,118500,0
12/15/2006,26.44,26.67,26.41,26.52,0.06,+0.23%,99700,0
12/14/2006,26.15,26.5,26.08,26.46,0.37,+1.42%,81800,0
12/13/2006,26.03,26.2,26,26.09,-0.07,-0.27%,87400,0
12/12/2006,26.18,26.2,26.03,26.16,0.07,+0.27%,98900,0
12/11/2006,26.14,26.26,26.02,26.09,-0.09,-0.34%,136600,0
12/08/2006,26,26.2,25.95,26.18,0.13,+0.50%,74400,0
12/07/2006,26.05,26.38,26,26.05,-0.06,-0.23%,78200,0
12/06/2006,26.4,26.45,26.08,26.11,-0.28,-1.06%,140300,0
12/05/2006,26.56,26.62,26.26,26.39,-0.09,-0.34%,111000,0
12/04/2006,25.66,26.54,25.66,26.48,0.73,+2.83%,179900,0
12/01/2006,25.93,26.02,25.41,25.75,-0.3,-1.15%,207700,0
11/30/2006,25.7,26.05,25.48,26.05,0.25,+0.97%,198700,0
11/29/2006,25.55,26.02,25.38,25.8,0.28,+1.10%,212200,0
11/28/2006,25.41,25.6,25.36,25.52,0.11,+0.43%,114500,0
11/27/2006,26,26,25.4,25.41,-0.61,-2.34%,218600,0
11/24/2006,25.83,26.14,25.8,26.02,0.09,+0.35%,41900,0
11/22/2006,26.19,26.19,25.86,25.93,-0.21,-0.80%,87800,0
11/21/2006,26.25,26.28,26.09,26.14,-0.13,-0.49%,85900,0
11/20/2006,26.05,26.27,25.95,26.27,0.14,+0.54%,92400,0
11/17/2006,26.05,26.16,25.89,26.13,-0.03,-0.11%,100300,0
11/16/2006,25.99,26.17,25.93,26.16,0.2,+0.77%,101800,0
11/15/2006,25.81,26.03,25.72,25.96,0.14,+0.54%,125400,0
11/14/2006,25.69,25.85,25.37,25.82,0.14,+0.55%,157200,0
11/13/2006,25.29,25.7,25.24,25.68,0.3,+1.18%,191700,0
11/10/2006,25.02,25.4,25.02,25.38,0.36,+1.44%,143200,0
11/09/2006,25.32,25.35,25.01,25.02,-0.31,-1.22%,97200,0
11/08/2006,25.1,25.36,25.07,25.33,0.13,+0.52%,74800,0
11/07/2006,25.36,25.45,25.15,25.2,-0.16,-0.63%,130400,0
11/06/2006,24.9,25.39,24.9,25.36,0.4,+1.60%,165000,0
11/03/2006,24.92,25.12,24.81,24.96,0.04,+0.16%,187400,0
11/02/2006,24.66,25.01,24.61,24.92,0.14,+0.56%,160200,0
11/01/2006,25.5,25.51,24.78,24.78,-0.77,-3.01%,218700,0
10/31/2006,25.26,25.55,25.19,25.55,0.28,+1.11%,295600,0
10/30/2006,25.36,25.44,24.97,25.27,-0.13,-0.51%,290700,0
10/27/2006,25.62,25.65,25.36,25.4,-0.21,-0.82%,147400,0
10/26/2006,25.59,25.63,25.25,25.61,0.16,+0.63%,150300,0
10/25/2006,25.46,25.52,25.22,25.45,-0.01,-0.04%,274500,0
10/24/2006,25.45,25.63,25.35,25.46,-0.07,-0.27%,314800,0
10/23/2006,25.89,25.94,25.13,25.53,-0.5,-1.92%,677500,0
10/20/2006,27.47,27.54,25.72,26.03,-1.58,-5.72%,1141700,0
10/19/2006,27.91,28.05,27.51,27.61,-0.32,-1.15%,132000,0
10/18/2006,28.18,28.2,27.9,27.93,-0.21,-0.75%,105700,0
10/17/2006,28.16,28.3,27.88,28.14,-0.04,-0.14%,126800,0
10/16/2006,28.3,28.32,27.99,28.18,-0.07,-0.25%,129300,0
10/13/2006,28.01,28.27,27.91,28.25,0.24,+0.86%,181700,0
10/12/2006,27.95,28.1,27.84,28.01,0.12,+0.43%,97200,0
10/11/2006,27.81,27.97,27.59,27.89,0.01,+0.04%,91200,0
10/10/2006,28.1,28.17,27.77,27.88,-0.18,-0.64%,73500,0
10/09/2006,27.51,28.1,27.44,28.06,0.47,+1.70%,157200,0
10/06/2006,27.85,27.88,27.54,27.59,-0.35,-1.25%,125700,0
10/05/2006,27.77,27.96,27.77,27.94,0.12,+0.43%,167000,0
10/04/2006,27.65,27.91,27.43,27.82,0.06,+0.22%,117200,0
10/03/2006,27.7,27.83,27.53,27.76,0.14,+0.51%,164600,0
10/02/2006,27.84,27.95,27.55,27.62,-0.14,-0.50%,151200,0
09/29/2006,28.3,28.3,27.76,27.76,-0.47,-1.66%,162300,0
09/28/2006,28.27,28.31,28.07,28.23,-0.07,-0.25%,112900,0
09/27/2006,28.2,28.36,28.09,28.3,0.15,+0.53%,111300,0
09/26/2006,28.15,28.24,28.02,28.15,-0.05,-0.18%,131700,0
09/25/2006,27.76,28.23,27.73,28.2,0.35,+1.26%,96000,0
09/22/2006,28.17,28.22,27.67,27.85,-0.27,-0.96%,99100,0
09/21/2006,28.55,28.58,28,28.12,-0.38,-1.33%,129500,0
09/20/2006,28.15,28.6,28.15,28.5,0.49,+1.75%,105000,0
09/19/2006,28.05,28.14,27.71,28.01,-0.09,-0.32%,161200,0
09/18/2006,28.13,28.27,28.01,28.1,-0.09,-0.32%,158300,0
09/15/2006,28.35,28.4,28.09,28.19,-0.05,-0.18%,149300,0
09/14/2006,28.19,28.27,28.08,28.24,0.03,+0.11%,161200,0
09/13/2006,28.33,28.33,28.04,28.21,-0.12,-0.42%,140200,0
09/12/2006,27.81,28.37,27.81,28.33,0.49,+1.76%,118500,0
09/11/2006,27.74,27.9,27.7,27.84,0.11,+0.40%,97000,0
09/08/2006,27.49,27.75,27.36,27.73,0.28,+1.02%,99300,0
09/07/2006,27.8,27.85,27.45,27.45,-0.46,-1.65%,79500,0
09/06/2006,28,28.14,27.84,27.91,-0.23,-0.82%,91400,0
09/05/2006,28,28.28,27.95,28.14,0.11,+0.39%,130700,0
09/01/2006,28.12,28.24,27.98,28.03,-0.03,-0.11%,115300,0
08/31/2006,27.89,28.11,27.89,28.06,0.17,+0.61%,96000,0
08/30/2006,27.87,27.98,27.77,27.89,0.02,+0.07%,91800,0
08/29/2006,27.65,27.87,27.5,27.87,0.13,+0.47%,238400,0
08/28/2006,27.31,27.78,27.31,27.74,0.34,+1.24%,195900,0
08/25/2006,27.51,27.71,27.35,27.4,-0.2,-0.72%,53600,0
08/24/2006,27.6,27.71,27.41,27.6,0.02,+0.07%,75000,0
08/23/2006,28,28.07,27.55,27.58,-0.42,-1.50%,128200,0
08/22/2006,27.99,28.09,27.84,28,0.13,+0.47%,90100,0
08/21/2006,27.94,27.94,27.65,27.87,-0.07,-0.25%,70100,0
08/18/2006,28.01,28.22,27.91,27.94,-0.1,-0.36%,62000,0
08/17/2006,28.03,28.14,27.89,28.04,0,0.00%,148900,0
08/16/2006,27.95,28.09,27.76,28.04,0.24,+0.86%,112800,0
08/15/2006,27.51,27.87,27.51,27.8,0.43,+1.57%,103100,0
08/14/2006,27.43,27.69,27.3,27.37,0.04,+0.15%,79100,0
08/11/2006,27.4,27.42,27.19,27.33,-0.16,-0.58%,68100,0
08/10/2006,27.26,27.58,27.22,27.49,0.16,+0.59%,193700,0
08/09/2006,27.72,27.85,27.32,27.33,-0.28,-1.01%,149200,0
08/08/2006,27.95,28.02,27.55,27.61,-0.28,-1.00%,154100,0
08/07/2006,27.55,27.96,27.55,27.89,0.19,+0.69%,217400,0
08/04/2006,27.92,28.18,27.6,27.7,-0.08,-0.29%,167600,0
08/03/2006,27.2,27.99,27.17,27.78,0.42,+1.54%,208200,0
08/02/2006,27.26,27.6,27.26,27.36,0.09,+0.33%,129700,0
08/01/2006,27.4,27.44,27.1,27.27,-0.08,-0.29%,138000,0
07/31/2006,27.6,27.6,27.29,27.35,-0.4,-1.44%,164000,0
07/28/2006,27.12,27.75,27.09,27.75,0.73,+2.70%,130100,0
07/27/2006,27.4,27.59,27.02,27.02,-0.24,-0.88%,135100,0
07/26/2006,27.25,27.5,27.09,27.26,-0.01,-0.04%,393000,0
07/25/2006,27.12,27.5,26.9,27.27,0.16,+0.59%,652500,0
07/24/2006,26.46,27.16,26.4,27.11,0.72,+2.73%,366600,0
07/21/2006,27,27,26.28,26.39,-0.15,-0.57%,316900,0
07/20/2006,27.02,27.05,26.42,26.54,-0.48,-1.78%,205600,0
07/19/2006,26.46,27.02,26.35,27.02,0.63,+2.39%,356600,0
07/18/2006,26.42,26.55,26.19,26.39,0.13,+0.50%,297200,0
07/17/2006,26.2,26.5,26.19,26.26,-0.04,-0.15%,148200,0
07/14/2006,26.18,26.34,26.03,26.3,0.13,+0.50%,382300,0
07/13/2006,26.75,26.8,26.17,26.17,-0.72,-2.68%,277400,0
07/12/2006,27.07,27.31,26.86,26.89,-0.19,-0.70%,274700,0
07/11/2006,27.22,27.22,26.77,27.08,-0.03,-0.11%,303100,0
07/10/2006,27.04,27.29,26.94,27.11,0.12,+0.44%,190400,0
07/07/2006,26.98,27.44,26.85,26.99,-0.01,-0.04%,191900,0
07/06/2006,26.98,27.34,26.86,27,0.02,+0.07%,422200,0
07/05/2006,27.66,27.66,26.91,26.98,-0.93,-3.33%,399100,0
07/03/2006,26.85,28,26.68,27.91,0.66,+2.42%,452000,0
06/30/2006,26.2,27.25,26,27.25,1.05,+4.01%,3640300,0
06/29/2006,25.45,26.2,25.04,26.2,1.09,+4.34%,390800,0
06/28/2006,25.3,25.32,24.78,25.11,-0.08,-0.32%,347200,0
06/27/2006,25.89,25.99,25.05,25.19,-0.71,-2.74%,305200,0
06/26/2006,25.34,25.9,25.28,25.9,0.67,+2.66%,272200,0
06/23/2006,25.39,25.4,25.05,25.23,-0.28,-1.10%,207700,0
06/22/2006,25.66,25.72,25.21,25.51,-0.22,-0.86%,367100,0
06/21/2006,25.32,25.94,25.32,25.73,0.46,+1.82%,190800,0
06/20/2006,25.48,25.58,25.17,25.27,-0.24,-0.94%,347200,0
06/19/2006,25.95,26.04,25.46,25.51,-0.31,-1.20%,301400,0
06/16/2006,26.37,26.6,25.82,25.82,-0.65,-2.46%,1156000,0
06/15/2006,25.81,26.53,25.81,26.47,0.72,+2.80%,283000,0
06/14/2006,25.82,25.93,25.32,25.75,-0.1,-0.39%,221400,0
06/13/2006,25.71,26.3,25.56,25.85,-0.02,-0.08%,428500,0
06/12/2006,26.11,26.18,25.65,25.87,-0.28,-1.07%,288700,0
06/09/2006,26.24,26.34,25.84,26.15,-0.06,-0.23%,271400,0
06/08/2006,25.88,26.43,25.48,26.21,0.22,+0.85%,367300,0
06/07/2006,25.53,26.21,25.4,25.99,0.54,+2.12%,352900,0
06/06/2006,25.49,25.58,25.2,25.45,0.1,+0.39%,359300,0
06/05/2006,26.2,26.22,25.35,25.35,-1.01,-3.83%,330200,0
06/02/2006,26.62,26.66,26.15,26.36,-0.26,-0.98%,256000,0
06/01/2006,26.05,26.63,26.05,26.62,0.6,+2.31%,261100,0
05/31/2006,26.03,26.29,25.85,26.02,-0.01,-0.04%,223600,0
05/30/2006,26.21,26.23,25.87,26.03,-0.23,-0.88%,325900,0
05/26/2006,26.43,26.56,26.18,26.26,0.05,+0.19%,285300,0
05/25/2006,25.86,26.21,25.76,26.21,0.55,+2.14%,317300,0
05/24/2006,25.25,25.84,25.19,25.66,0.36,+1.42%,468400,0
05/23/2006,25.7,25.72,25.27,25.3,-0.19,-0.75%,218700,0
05/22/2006,25.4,25.75,25.1,25.49,0.01,+0.04%,362200,0
05/19/2006,24.47,25.54,24.47,25.48,0.29,+1.15%,352100,0
05/18/2006,25.35,25.57,25.15,25.19,-0.16,-0.63%,191200,0
05/17/2006,25.35,25.59,25.23,25.35,-0.26,-1.02%,276000,0
05/16/2006,25.42,25.78,25.4,25.61,0.17,+0.67%,158000,0
05/15/2006,25.1,25.58,25.05,25.44,0.13,+0.51%,214000,0
05/12/2006,25.69,25.88,25.3,25.31,-0.44,-1.71%,233700,0
05/11/2006,26.13,26.23,25.74,25.75,-0.45,-1.72%,292800,0
05/10/2006,26.05,26.33,26.01,26.2,0.04,+0.15%,147400,0
05/09/2006,26.36,26.39,26.12,26.16,-0.2,-0.76%,147600,0
05/08/2006,25.79,26.45,25.77,26.36,0.46,+1.78%,329100,0
05/05/2006,25.98,26.1,25.66,25.9,0.12,+0.47%,238900,0
05/04/2006,25.56,25.82,25.46,25.78,0.2,+0.78%,194300,0
05/03/2006,25.62,25.67,25.3,25.58,-0.14,-0.54%,155100,0
05/02/2006,25.35,25.72,25.14,25.72,0.41,+1.62%,336300,0
05/01/2006,25.79,25.92,25.26,25.31,-0.32,-1.25%,278200,0
04/28/2006,25.95,26.2,25.56,25.63,-0.37,-1.42%,373400,0
04/27/2006,25.45,26.33,25.42,26,0.37,+1.44%,287600,0
04/26/2006,25.63,25.98,25.57,25.63,0.03,+0.12%,231100,0
04/25/2006,25.92,25.92,25.1,25.6,-0.39,-1.50%,414700,0
04/24/2006,25,26.16,25,25.99,1,+4.00%,677500,0
04/21/2006,24.9,25,24.65,24.99,0.47,+1.92%,275000,0
04/20/2006,24.81,24.81,24.21,24.52,-0.33,-1.33%,103800,0
04/19/2006,24.66,24.93,24.45,24.85,0.05,+0.20%,155900,0
04/18/2006,24.04,24.81,23.93,24.8,0.83,+3.46%,232600,0
04/17/2006,24.13,24.24,23.77,23.97,-0.13,-0.54%,115300,0
04/13/2006,23.89,24.24,23.75,24.1,0.18,+0.75%,141700,0
04/12/2006,23.64,23.92,23.6,23.92,0.23,+0.97%,107800,0
04/11/2006,24,24.15,23.67,23.69,-0.37,-1.54%,136500,0
04/10/2006,23.81,24.17,23.75,24.06,0.29,+1.22%,159900,0
04/07/2006,24.25,24.35,23.75,23.77,-0.35,-1.45%,173700,0
04/06/2006,24.13,24.26,23.95,24.12,-0.13,-0.54%,113100,0
04/05/2006,24.27,24.4,24.1,24.25,0.02,+0.08%,188500,0
04/04/2006,24.15,24.48,23.97,24.23,0.17,+0.71%,234400,0
04/03/2006,24.22,24.31,23.9,24.06,0.05,+0.21%,269600,0
03/31/2006,24.1,24.1,23.79,24.01,-0.05,-0.21%,204500,0
03/30/2006,24.23,24.26,23.93,24.06,-0.21,-0.87%,147000,0
03/29/2006,24.13,24.49,23.9,24.27,0.26,+1.08%,208700,0
03/28/2006,24.2,24.38,23.94,24.01,-0.28,-1.15%,81400,0
03/27/2006,24.34,24.36,24.1,24.29,-0.09,-0.37%,147300,0
03/24/2006,24.29,24.38,24.08,24.38,0.12,+0.49%,76300,0
03/23/2006,24.15,24.28,24.02,24.26,0.01,+0.04%,127000,0
03/22/2006,23.69,24.33,23.63,24.25,0.49,+2.06%,189600,0
03/21/2006,24.44,24.46,23.75,23.76,-0.81,-3.30%,202400,0
03/20/2006,24.28,24.6,24.2,24.57,0.25,+1.03%,248000,0
03/17/2006,24.3,24.52,24.14,24.32,0.07,+0.29%,742900,0
03/16/2006,24.53,24.69,24.23,24.25,-0.27,-1.10%,185300,0
03/15/2006,24.51,24.53,24.22,24.52,-0.02,-0.08%,112000,0
03/14/2006,24.01,24.58,23.87,24.54,0.44,+1.83%,130000,0
03/13/2006,24.1,24.48,24,24.1,-0.2,-0.82%,114700,0
03/10/2006,23.85,24.3,23.83,24.3,0.45,+1.89%,111800,0
03/09/2006,24.1,24.27,23.85,23.85,-0.24,-1.00%,111000,0
03/08/2006,23.91,24.25,23.85,24.09,0.12,+0.50%,156400,0
03/07/2006,23.92,24.07,23.85,23.97,-0.03,-0.13%,146600,0
03/06/2006,24.07,24.17,23.87,24,-0.1,-0.41%,296700,0
03/03/2006,24.03,24.36,23.9,24.1,-0.05,-0.21%,192400,0
03/02/2006,24.36,24.38,24.06,24.15,-0.29,-1.19%,172300,0
03/01/2006,24.01,24.45,23.91,24.44,0.42,+1.75%,165300,0
02/28/2006,24.4,24.49,23.88,24.02,-0.55,-2.24%,135200,0
02/27/2006,24.44,24.63,24.35,24.57,0.13,+0.53%,133700,0
02/24/2006,24.11,24.46,23.95,24.44,0.21,+0.87%,121600,0
02/23/2006,24.22,24.38,24.06,24.23,-0.12,-0.49%,146300,0
02/22/2006,24.11,24.5,24.1,24.35,0.3,+1.25%,156000,0
02/21/2006,24.1,24.32,23.75,24.05,-0.07,-0.29%,284500,0
02/17/2006,24.34,24.49,24.1,24.12,-0.17,-0.70%,154100,0
02/16/2006,24.24,24.36,23.99,24.29,0.1,+0.41%,146600,0
02/15/2006,23.93,24.19,23.81,24.19,0.18,+0.75%,167900,0
02/14/2006,23.77,24.13,23.46,24.01,0.35,+1.48%,184800,0
02/13/2006,23.68,23.94,23.5,23.66,-0.05,-0.21%,179500,0
02/10/2006,23.18,23.85,23.01,23.71,0.45,+1.93%,205300,0
02/09/2006,23.5,23.7,23.25,23.26,-0.4,-1.69%,259900,0
02/08/2006,23.5,23.76,23.32,23.66,0.14,+0.60%,131700,0
02/07/2006,23.69,23.85,23.42,23.52,-0.07,-0.30%,205200,0
02/06/2006,23.31,23.67,23.15,23.59,0.22,+0.94%,203500,0
02/03/2006,23,23.49,22.99,23.37,0.35,+1.52%,178900,0
02/02/2006,23.5,23.54,22.95,23.02,-0.5,-2.13%,174900,0
02/01/2006,22.94,23.58,22.84,23.52,0.48,+2.08%,212800,0
01/31/2006,23.35,23.52,23.04,23.04,-0.45,-1.92%,365800,0
01/30/2006,23.93,23.93,23.4,23.49,-0.47,-1.96%,193700,0
01/27/2006,23.88,24.08,23.65,23.96,0.17,+0.71%,272000,0
01/26/2006,23.3,23.82,23.3,23.79,0.49,+2.10%,209200,0
01/25/2006,23.07,23.42,22.89,23.3,0.38,+1.66%,250500,0
01/24/2006,23.14,23.35,22.92,22.92,-0.1,-0.43%,270100,0
01/23/2006,22.6,23.18,22.34,23.02,0.94,+4.26%,332700,0
01/20/2006,22.96,22.96,21.87,22.08,-0.67,-2.95%,209200,0
01/19/2006,22.59,22.79,22.4,22.75,0.19,+0.84%,124900,0
01/18/2006,22.47,22.59,22.31,22.56,-0.01,-0.04%,113900,0
01/17/2006,22.56,22.68,22.38,22.57,-0.24,-1.05%,112500,0
01/13/2006,22.7,22.98,22.7,22.81,0.14,+0.62%,88700,0
01/12/2006,22.75,22.86,22.64,22.67,-0.25,-1.09%,99300,0
01/11/2006,23.25,23.25,22.64,22.92,-0.4,-1.72%,115100,0
01/10/2006,22.95,23.39,22.9,23.32,0.2,+0.87%,282300,0
01/09/2006,22.78,23.15,22.63,23.12,0.38,+1.67%,183600,0
01/06/2006,23.36,23.36,22.46,22.74,0.03,+0.13%,145100,0
01/05/2006,22.77,22.98,22.71,22.71,-0.12,-0.53%,110300,0
01/04/2006,22.65,22.93,22.59,22.83,0.18,+0.79%,189200,0
01/03/2006,22.28,22.74,21.78,22.65,0.58,+2.63%,238500,0
12/30/2005,22.08,22.25,21.9,22.07,-0.17,-0.76%,150800,0
12/29/2005,22.6,22.64,22.24,22.24,-0.41,-1.81%,125700,0
12/28/2005,22.48,22.68,22.39,22.65,0.16,+0.71%,91000,0
12/27/2005,22.98,23.03,22.44,22.49,-0.44,-1.92%,99300,0
12/23/2005,22.91,22.99,22.87,22.93,0.07,+0.31%,42100,0
12/22/2005,22.68,22.86,22.55,22.86,0.24,+1.06%,95600,0
12/21/2005,22.63,22.93,22.52,22.62,0.11,+0.49%,94700,0
12/20/2005,22.42,22.79,22.21,22.51,0.06,+0.27%,185800,0
12/19/2005,22.88,22.88,22.32,22.45,-0.47,-2.05%,136600,0
12/16/2005,22.84,23,22.74,22.92,0.14,+0.61%,481500,0
12/15/2005,23.03,23.03,22.46,22.78,-0.24,-1.04%,176500,0
12/14/2005,22.91,23.19,22.86,23.02,0.09,+0.39%,143000,0
12/13/2005,22.97,23.16,22.79,22.93,-0.23,-0.99%,106300,0
12/12/2005,23.14,23.25,22.95,23.16,0.06,+0.26%,93800,0
12/09/2005,22.88,23.25,22.87,23.1,0.22,+0.96%,125200,0
12/08/2005,22.91,23.13,22.55,22.88,0.07,+0.31%,160900,0
12/07/2005,23.15,23.15,22.71,22.81,-0.31,-1.34%,82900,0
12/06/2005,23.04,23.35,22.98,23.12,0.3,+1.31%,143900,0
12/05/2005,23.15,23.15,22.44,22.82,-0.4,-1.72%,136300,0
12/02/2005,23.09,23.24,22.87,23.22,0.03,+0.13%,101300,0
12/01/2005,22.91,23.3,22.82,23.19,0.48,+2.11%,184800,0
11/30/2005,22.86,23.07,22.55,22.71,-0.08,-0.35%,189900,0
11/29/2005,22.8,22.94,22.56,22.79,0.15,+0.66%,129100,0
11/28/2005,22.96,23.02,22.54,22.64,-0.36,-1.57%,109100,0
11/25/2005,23.09,23.11,22.87,23,-0.09,-0.39%,25800,0
11/23/2005,23.15,23.31,23.03,23.09,-0.14,-0.60%,72800,0
11/22/2005,23,23.32,22.81,23.23,0.03,+0.13%,101800,0
11/21/2005,23,23.23,22.65,23.2,0.2,+0.87%,98500,0
11/18/2005,23.31,23.31,22.65,23,0.19,+0.83%,143800,0
11/17/2005,22.34,22.82,22.19,22.81,0.59,+2.66%,100700,0
11/16/2005,22.4,22.49,21.97,22.22,-0.19,-0.85%,128200,0
11/15/2005,22.88,22.94,22.28,22.41,-0.47,-2.05%,162600,0
11/14/2005,23.43,23.43,22.67,22.88,-0.56,-2.39%,105300,0
11/11/2005,23.24,23.53,23.14,23.44,0.07,+0.30%,82400,0
11/10/2005,22.82,23.51,22.52,23.37,0.57,+2.50%,187000,0
11/09/2005,22.58,23.04,22.47,22.8,0.3,+1.33%,141300,0
11/08/2005,22.31,22.61,22.25,22.5,-0.06,-0.27%,74200,0
11/07/2005,22.4,22.77,22.4,22.56,0.22,+0.98%,126600,0
11/04/2005,22.37,22.42,22.09,22.34,0.02,+0.09%,102900,0
11/03/2005,22.8,22.8,22.17,22.32,-0.51,-2.23%,199200,0
11/02/2005,22.09,22.83,22.09,22.83,0.81,+3.68%,200100,0
11/01/2005,22,22.36,21.8,22.02,-0.15,-0.68%,108400,0
10/31/2005,21.93,22.38,21.93,22.17,0.24,+1.09%,234700,0
10/28/2005,21.47,21.99,21.45,21.93,0.59,+2.76%,152000,0
10/27/2005,21.56,21.57,21.17,21.34,-0.36,-1.66%,212400,0
10/26/2005,21.59,21.99,21.45,21.7,0.02,+0.09%,174800,0
10/25/2005,22.14,22.14,21.27,21.68,-0.54,-2.43%,289300,0
10/24/2005,22.1,22.55,21.85,22.22,0.12,+0.54%,330900,0
10/21/2005,21.4,22.35,21.4,22.1,0.7,+3.27%,256300,0
10/20/2005,21.39,21.8,21.14,21.4,0.1,+0.47%,242500,0
10/19/2005,20.15,21.36,19.93,21.3,1.21,+6.02%,336400,0
10/18/2005,20.61,20.61,20.01,20.09,-0.44,-2.14%,133200,0
10/17/2005,20.63,20.63,20.05,20.53,-0.1,-0.48%,169400,0
10/14/2005,20.75,20.92,20.38,20.63,0.09,+0.44%,228500,0
10/13/2005,20.28,20.66,20.27,20.54,0.13,+0.64%,157500,0
10/12/2005,20.38,20.68,20.12,20.41,-0.05,-0.24%,206200,0
10/11/2005,21.02,21.05,20.41,20.46,-0.41,-1.96%,239600,0
10/10/2005,21.19,21.2,20.7,20.87,-0.24,-1.14%,125100,0
10/07/2005,21.37,21.43,20.9,21.11,-0.12,-0.57%,140900,0
10/06/2005,21.44,21.72,20.81,21.23,-0.3,-1.39%,301700,0
10/05/2005,22.38,22.38,21.24,21.53,-0.95,-4.23%,401400,0
10/04/2005,23.21,23.33,22.47,22.48,-0.66,-2.85%,221900,0
10/03/2005,22.84,23.25,22.76,23.14,0.29,+1.27%,209600,0
09/30/2005,23.19,23.21,22.7,22.85,-0.37,-1.59%,104600,0
09/29/2005,22.56,23.22,22.34,23.22,0.64,+2.83%,139400,0
09/28/2005,23.01,23.01,22.3,22.58,-0.31,-1.35%,133500,0
09/27/2005,22.96,23.12,22.71,22.89,-0.03,-0.13%,95300,0
09/26/2005,23,23.12,22.74,22.92,0.04,+0.17%,130300,0
09/23/2005,22.61,23,22.5,22.88,0.2,+0.88%,78500,0
09/22/2005,22.25,22.83,22.05,22.68,0.42,+1.89%,116600,0
09/21/2005,22.55,22.67,22.2,22.26,-0.33,-1.46%,152100,0
09/20/2005,22.88,23.15,22.36,22.59,-0.21,-0.92%,169200,0
09/19/2005,23.1,23.1,22.67,22.8,-0.3,-1.30%,126600,0
09/16/2005,22.75,23.3,22.7,23.1,0.55,+2.44%,567700,0
09/15/2005,22.54,22.7,22.36,22.55,0.01,+0.04%,112800,0
09/14/2005,22.86,22.9,22.47,22.54,-0.27,-1.18%,149000,0
09/13/2005,22.89,22.92,22.65,22.81,-0.25,-1.08%,171000,0
09/12/2005,23.04,23.3,22.79,23.06,-0.05,-0.22%,128100,0
09/09/2005,22.9,23.19,22.87,23.11,0.34,+1.49%,110700,0
09/08/2005,22.78,22.91,22.63,22.77,-0.15,-0.65%,129200,0
09/07/2005,23.08,23.09,22.8,22.92,-0.17,-0.74%,332400,0
09/06/2005,22.38,23.1,22.34,23.09,0.8,+3.59%,219200,0
09/02/2005,22.5,22.5,22.12,22.29,-0.21,-0.93%,140900,0
09/01/2005,22.44,22.6,22.15,22.5,0.01,+0.04%,339500,0
08/31/2005,21.96,22.49,21.82,22.49,0.46,+2.09%,137500,0
08/30/2005,22.01,22.14,21.68,22.03,-0.04,-0.18%,146700,0
08/29/2005,21.47,22.09,21.38,22.07,0.43,+1.99%,156200,0
08/26/2005,22.03,22.03,21.6,21.64,-0.44,-1.99%,171800,0
08/25/2005,22.08,22.31,21.95,22.08,-0.02,-0.09%,99100,0
08/24/2005,22.25,22.55,21.89,22.1,-0.15,-0.67%,115600,0
08/23/2005,22.49,22.49,22.21,22.25,-0.27,-1.20%,133900,0
08/22/2005,22.33,22.54,22.2,22.52,0.18,+0.81%,76800,0
08/19/2005,21.93,22.35,21.87,22.34,0.38,+1.73%,111500,0
08/18/2005,21.9,22.17,21.74,21.96,-0.08,-0.36%,93700,0
08/17/2005,22.02,22.35,21.8,22.04,-0.05,-0.23%,173200,0
08/16/2005,22.58,22.58,22.09,22.09,-0.58,-2.56%,179900,0
08/15/2005,22.31,22.69,21.94,22.67,0.33,+1.48%,145300,0
08/12/2005,22.43,22.61,22.19,22.34,-0.11,-0.49%,142000,0
08/11/2005,22.4,22.6,22.3,22.45,0,0.00%,147600,0
08/10/2005,22.55,22.92,22.2,22.45,0.01,+0.04%,140200,0
08/09/2005,22.56,22.68,22.3,22.44,-0.01,-0.04%,143700,0
08/08/2005,22.47,22.61,22.32,22.45,0.07,+0.31%,95300,0
08/05/2005,22.62,22.74,22.33,22.38,-0.36,-1.58%,240800,0
08/04/2005,23.05,23.05,22.72,22.74,-0.44,-1.90%,170900,0
08/03/2005,23.37,23.43,23.05,23.18,-0.31,-1.32%,134900,0
08/02/2005,23.52,23.73,23.3,23.49,-0.02,-0.09%,153900,0
08/01/2005,23.38,23.75,23.38,23.51,0.23,+0.99%,116200,0
07/29/2005,23.82,24.05,23.28,23.28,-0.54,-2.27%,128800,0
07/28/2005,23.59,23.86,23.32,23.82,0.37,+1.58%,122700,0
07/27/2005,23.74,23.74,23.11,23.45,-0.24,-1.01%,152500,0
07/26/2005,23.76,23.8,23.22,23.69,0.01,+0.04%,182000,0
07/25/2005,24.1,24.35,23.45,23.68,-0.85,-3.47%,333700,0
07/22/2005,24.25,24.53,23.95,24.53,0.28,+1.15%,206900,0
07/21/2005,24.67,24.85,24.07,24.25,-0.55,-2.22%,155100,0
07/20/2005,24.27,24.88,24.23,24.8,0.31,+1.27%,125200,0
07/19/2005,24.1,24.5,24.07,24.49,0.49,+2.04%,71500,0
07/18/2005,24.32,24.33,24,24,-0.45,-1.84%,85000,0
07/15/2005,24.01,24.48,24.01,24.45,0.06,+0.25%,105200,0
07/14/2005,24.97,24.97,24.32,24.39,-0.37,-1.49%,226200,0
07/13/2005,24.79,24.89,24.6,24.76,-0.03,-0.12%,122800,0
07/12/2005,24.95,25,24.65,24.79,-0.2,-0.80%,216800,0
07/11/2005,24.66,25.24,24.65,24.99,0.3,+1.22%,257600,0
07/08/2005,24.24,24.7,24.1,24.69,0.44,+1.81%,136800,0
07/07/2005,24,24.29,23.64,24.25,0.01,+0.04%,146800,0
07/06/2005,23.93,24.29,23.79,24.24,0.24,+1.00%,284400,0
07/05/2005,23.65,24,23.51,24,0.32,+1.35%,130800,0
07/01/2005,23.66,23.72,23.49,23.68,0.08,+0.34%,130100,0
06/30/2005,23.75,23.97,23.59,23.6,-0.13,-0.55%,229000,0
06/29/2005,23.65,23.75,23.5,23.73,0.08,+0.34%,74500,0
06/28/2005,23.29,23.7,23.2,23.65,0.55,+2.38%,170400,0
06/27/2005,23.05,23.1,22.7,23.1,-0.12,-0.52%,109900,0
06/24/2005,23.07,23.23,22.79,23.22,0.15,+0.65%,257200,0
06/23/2005,23.4,23.4,23.07,23.07,-0.36,-1.54%,157300,0
06/22/2005,23.53,23.53,23.23,23.43,0.09,+0.39%,92900,0
06/21/2005,23.2,23.4,23.1,23.34,-0.04,-0.17%,147900,0
06/20/2005,23.51,23.75,23.32,23.38,-0.3,-1.27%,165400,0
06/17/2005,23.7,23.76,23.25,23.68,0.12,+0.51%,326100,0
06/16/2005,23.05,23.56,22.97,23.56,0.46,+1.99%,120100,0
06/15/2005,22.88,23.1,22.7,23.1,0.32,+1.40%,177600,0
06/14/2005,22.61,22.85,22.47,22.78,0.09,+0.40%,132300,0
06/13/2005,22,22.7,22,22.69,0.56,+2.53%,234700,0
06/10/2005,22.33,22.4,22.05,22.13,-0.17,-0.76%,158000,0
06/09/2005,22.01,22.37,21.85,22.3,0.3,+1.36%,166400,0
06/08/2005,22.3,22.39,21.79,22,-0.19,-0.86%,108400,0
06/07/2005,22.45,22.53,22.14,22.19,-0.11,-0.49%,106300,0
06/06/2005,22.41,22.44,22.12,22.3,-0.06,-0.27%,129300,0
06/03/2005,22.62,22.85,22.24,22.36,-0.3,-1.32%,125000,0
06/02/2005,22.56,22.83,22.5,22.66,0.03,+0.13%,156500,0
06/01/2005,22.28,22.9,22.28,22.63,0.28,+1.25%,95100,0
05/31/2005,22.32,22.6,22.25,22.35,-0.05,-0.22%,107100,0
05/27/2005,22.35,22.5,22.19,22.4,0.04,+0.18%,73000,0
05/26/2005,22.19,22.4,22.16,22.36,0.34,+1.54%,60800,0
05/25/2005,22.2,22.28,22,22.02,-0.24,-1.08%,116100,0
05/24/2005,22.36,22.43,22.13,22.26,-0.11,-0.49%,101000,0
05/23/2005,22.4,22.56,22.12,22.37,0.02,+0.09%,115500,0
05/20/2005,22.39,22.51,22.04,22.35,-0.03,-0.13%,76300,0
05/19/2005,22.54,22.67,22.16,22.38,-0.22,-0.97%,112100,0
05/18/2005,22.31,22.74,22.25,22.6,0.31,+1.39%,115400,0
05/17/2005,21.88,22.33,21.69,22.29,0.31,+1.41%,88500,0
05/16/2005,21.45,22.08,21.45,21.98,0.6,+2.81%,118100,0
05/13/2005,21.52,21.73,21.16,21.38,-0.1,-0.47%,123700,0
05/12/2005,21.79,22.17,21.41,21.48,-0.34,-1.56%,157200,0
05/11/2005,21.73,21.92,21.45,21.82,0.19,+0.88%,123400,0
05/10/2005,21.88,22.09,21.54,21.63,-0.43,-1.95%,159600,0
05/09/2005,21.7,22.12,21.55,22.06,0.33,+1.52%,163300,0
05/06/2005,21.9,21.9,21.5,21.73,0,0.00%,105500,0
05/05/2005,21.93,22.1,21.56,21.73,-0.28,-1.27%,122200,0
05/04/2005,21.45,22.07,21.45,22.01,0.59,+2.75%,116100,0
05/03/2005,21.45,21.89,21.3,21.42,0.01,+0.05%,189600,0
05/02/2005,21.15,21.47,21.04,21.41,0.24,+1.13%,171700,0
04/29/2005,20.81,21.21,20.51,21.17,0.46,+2.22%,230700,0
04/28/2005,21.08,21.15,20.7,20.71,-0.35,-1.66%,177300,0
04/27/2005,20.6,21.28,20.55,21.06,0.42,+2.03%,166800,0
04/26/2005,21.16,21.24,20.52,20.64,-0.52,-2.46%,225300,0
04/25/2005,21.28,21.31,20.85,21.16,0.03,+0.14%,200800,0
04/22/2005,21.65,21.65,20.75,21.13,-0.55,-2.54%,222400,0
04/21/2005,21.2,21.73,20.25,21.68,1.53,+7.59%,414700,0
04/20/2005,20.57,20.97,20.14,20.15,-0.12,-0.59%,186900,0
04/19/2005,20.65,20.9,20.19,20.27,-0.19,-0.93%,132200,0
04/18/2005,20.05,20.5,19.91,20.46,0.45,+2.25%,122200,0
04/15/2005,20.18,20.36,20,20.01,-0.16,-0.79%,229900,0
04/14/2005,20.58,20.58,20.14,20.17,-0.41,-1.99%,198500,0
04/13/2005,20.87,20.92,20.38,20.58,-0.28,-1.34%,114100,0
04/12/2005,20.42,20.91,20.27,20.86,0.4,+1.96%,172000,0
04/11/2005,20.6,20.6,20.44,20.46,-0.14,-0.68%,124200,0
04/08/2005,21.19,21.19,20.55,20.6,-0.59,-2.78%,132400,0
04/07/2005,21.02,21.22,20.75,21.19,0.18,+0.86%,77300,0
04/06/2005,20.99,21.2,20.84,21.01,0.09,+0.43%,159000,0
04/05/2005,20.9,21.05,20.86,20.92,0.09,+0.43%,93200,0
04/04/2005,20.7,20.94,20.55,20.83,0.23,+1.12%,144300,0
04/01/2005,20.75,20.89,20.42,20.6,-0.04,-0.19%,222300,0
03/31/2005,20.52,20.71,20.5,20.64,0.12,+0.58%,196200,0
03/30/2005,20.7,20.92,20.52,20.52,-0.08,-0.39%,191400,0
03/29/2005,20.54,20.95,20.37,20.6,0.09,+0.44%,167000,0
03/28/2005,20.39,20.67,20.37,20.51,0.13,+0.64%,102200,0
03/24/2005,20.52,20.65,20.29,20.38,0,0.00%,68700,0
03/23/2005,20.5,20.67,20.31,20.38,-0.16,-0.78%,82200,0
03/22/2005,20.76,21.1,20.53,20.54,-0.22,-1.06%,97400,0
03/21/2005,20.85,20.92,20.61,20.76,-0.17,-0.81%,105900,0
03/18/2005,21.29,21.3,20.9,20.93,-0.16,-0.76%,328700,0
03/17/2005,20.9,21.2,20.65,21.09,0.24,+1.15%,119600,0
03/16/2005,21.21,21.34,20.79,20.85,-0.36,-1.70%,96600,0
03/15/2005,21.25,21.39,21.06,21.21,0.01,+0.05%,181800,0
03/14/2005,20.85,21.2,20.82,21.2,0.43,+2.07%,111500,0
03/11/2005,20.92,21.09,20.51,20.77,-0.24,-1.14%,131400,0
03/10/2005,21.05,21.3,20.8,21.01,0,0.00%,133300,0
03/09/2005,21.05,21.3,20.97,21.01,-0.08,-0.38%,157400,0
03/08/2005,21.4,21.4,21.05,21.09,-0.29,-1.36%,83900,0
03/07/2005,21.63,21.65,21.32,21.38,-0.22,-1.02%,134300,0
03/04/2005,21.4,21.62,21.35,21.6,0.3,+1.41%,144100,0
03/03/2005,21.27,21.37,20.91,21.3,0.1,+0.47%,100500,0
03/02/2005,21.25,21.63,21.11,21.2,-0.13,-0.61%,77200,0
03/01/2005,21.02,21.46,21.02,21.33,0.31,+1.47%,105200,0
02/28/2005,21.33,21.33,20.85,21.02,-0.38,-1.78%,108200,0
02/25/2005,20.92,21.4,20.76,21.4,0.4,+1.90%,86800,0
02/24/2005,20.75,21,20.43,21,0.15,+0.72%,116900,0
02/23/2005,20.76,21.06,20.68,20.85,0.09,+0.43%,108300,0
02/22/2005,21.3,21.4,20.7,20.76,-0.6,-2.81%,187900,0
02/18/2005,21.45,21.61,21.16,21.36,0.01,+0.05%,102100,0
02/17/2005,21.8,21.8,21.32,21.35,-0.41,-1.88%,139700,0
02/16/2005,21.45,21.8,21.34,21.76,0.26,+1.21%,93900,0
02/15/2005,21.7,21.9,21.3,21.5,-0.13,-0.60%,106700,0
02/14/2005,21.97,21.97,21.41,21.63,-0.28,-1.28%,96000,0
02/11/2005,21.5,21.93,21.16,21.91,0.38,+1.76%,124200,0
02/10/2005,21.3,21.67,21.22,21.53,0.29,+1.37%,126800,0
02/09/2005,22.05,22.11,21.23,21.24,-0.87,-3.93%,113100,0
02/08/2005,22.03,22.15,21.75,22.11,0.06,+0.27%,127600,0
02/07/2005,21.89,22.07,21.85,22.05,0.16,+0.73%,116800,0
02/04/2005,21.7,21.93,21.57,21.89,0.19,+0.88%,96700,0
02/03/2005,21.98,21.98,21.55,21.7,-0.25,-1.14%,150900,0
02/02/2005,21.93,21.98,21.68,21.95,-0.05,-0.23%,134000,0
02/01/2005,21.81,22,21.67,22,0.2,+0.92%,172500,0
01/31/2005,21.45,21.89,21.38,21.8,0.6,+2.83%,413300,0
01/28/2005,21.6,21.6,21.12,21.2,-0.4,-1.85%,222300,0
01/27/2005,21.83,21.9,21.41,21.6,-0.3,-1.37%,139500,0
01/26/2005,22,22.04,21.64,21.9,-0.01,-0.05%,129400,0
01/25/2005,22.1,22.38,21.68,21.91,0,0.00%,176000,0
01/24/2005,22.11,22.5,21.88,21.91,-0.15,-0.68%,147500,0
01/21/2005,22.05,22.29,21.95,22.06,0.17,+0.78%,136400,0
01/20/2005,22.03,22.28,21.88,21.89,-0.26,-1.17%,155600,0
01/19/2005,22.88,22.88,22.06,22.15,-0.72,-3.15%,141400,0
01/18/2005,22.15,22.98,22.12,22.87,0.53,+2.37%,89500,0
01/14/2005,22.3,22.34,22.05,22.34,0.15,+0.68%,85600,0
01/13/2005,22.65,22.66,22.08,22.19,-0.46,-2.03%,135000,0
01/12/2005,23,23,22.3,22.65,-0.35,-1.52%,150900,0
01/11/2005,22.99,23.05,22.45,23,0.01,+0.04%,154100,0
01/10/2005,22.66,23.17,22.66,22.99,0.33,+1.46%,105200,0
01/07/2005,23.3,23.4,22.66,22.66,-0.56,-2.41%,163700,0
01/06/2005,23.26,23.52,23.13,23.22,-0.08,-0.34%,182900,0
01/05/2005,23.71,23.9,23.3,23.3,-0.44,-1.85%,147600,0
01/04/2005,24.15,24.23,23.7,23.74,-0.3,-1.25%,133300,0
01/03/2005,24.25,24.45,23.96,24.04,-0.33,-1.35%,189400,0
12/31/2004,24.49,24.56,24.11,24.37,-0.06,-0.25%,160400,0
12/30/2004,24.37,24.5,24.37,24.43,0.07,+0.29%,54600,0
12/29/2004,24.65,24.65,24.31,24.36,-0.3,-1.22%,64700,0
12/28/2004,24.36,24.66,24.13,24.66,0.3,+1.23%,69300,0
12/27/2004,24.4,24.45,23.89,24.36,0.01,+0.04%,87100,0
12/23/2004,24.35,24.42,24.16,24.35,0.08,+0.33%,41500,0
12/22/2004,24.4,24.44,24.12,24.27,-0.17,-0.70%,92600,0
12/21/2004,23.7,24.45,23.7,24.44,0.43,+1.79%,102700,0
12/20/2004,23.91,24.11,23.8,24.01,0.1,+0.42%,108300,0
12/17/2004,24.1,24.17,23.73,23.91,-0.16,-0.66%,123800,0
12/16/2004,24.4,24.52,23.95,24.07,-0.58,-2.35%,138000,0
12/15/2004,24.68,24.68,24.35,24.65,-0.03,-0.12%,83500,0
12/14/2004,24.58,24.7,24.47,24.68,0.1,+0.41%,84300,0
12/13/2004,24.35,24.64,23.92,24.58,0.11,+0.45%,154400,0
12/10/2004,24.05,24.5,23.93,24.47,0.28,+1.16%,84900,0
12/09/2004,24.2,24.33,23.83,24.19,-0.01,-0.04%,69600,0
12/08/2004,23.61,24.27,23.61,24.2,0.6,+2.54%,107800,0
12/07/2004,24.61,24.7,23.6,23.6,-0.98,-3.99%,110100,0
12/06/2004,24.3,24.64,24.24,24.58,0.13,+0.53%,80100,0
12/03/2004,24.7,24.94,24.39,24.45,-0.34,-1.37%,98900,0
12/02/2004,24.7,25.21,24.7,24.79,-0.43,-1.70%,103800,0
12/01/2004,24.93,25.25,24.82,25.22,0.36,+1.45%,140500,0
11/30/2004,24.86,24.9,24.57,24.86,0.06,+0.24%,62200,0
11/29/2004,24.6,24.83,24.24,24.8,0.2,+0.81%,78300,0
11/26/2004,24.5,24.68,24.45,24.6,0.1,+0.41%,34500,0
11/24/2004,24.27,24.63,24.27,24.5,0.22,+0.91%,105800,0
11/23/2004,24.18,24.28,23.73,24.28,0.12,+0.50%,77000,0
11/22/2004,23.61,24.19,23.6,24.16,0.53,+2.24%,93400,0
11/19/2004,24.13,24.13,23.62,23.63,-0.5,-2.07%,100700,0
11/18/2004,24.2,24.25,24.05,24.13,-0.57,-2.31%,178400,0
11/17/2004,24.45,24.95,24.45,24.7,0.38,+1.56%,81800,0
11/16/2004,24.7,24.71,24.3,24.32,-0.59,-2.37%,64800,0
11/15/2004,24.95,24.95,24.5,24.91,-0.08,-0.32%,52900,0
11/12/2004,24.86,25,24.5,24.99,0.13,+0.52%,56000,0
11/11/2004,24,24.87,24,24.86,0.41,+1.68%,81000,0
11/10/2004,24.15,24.5,24.01,24.45,0.21,+0.87%,80900,0
11/09/2004,24.23,24.25,23.98,24.24,0.04,+0.17%,55800,0
11/08/2004,24,24.2,23.89,24.2,0.04,+0.17%,71200,0
11/05/2004,24,24.25,23.75,24.16,-0.08,-0.33%,95500,0
11/04/2004,23.85,24.25,23.66,24.24,0.29,+1.21%,85200,0
11/03/2004,23.9,24.03,23.76,23.95,0.21,+0.88%,125600,0
11/02/2004,24,24.1,23.59,23.74,-0.29,-1.21%,101800,0
11/01/2004,23.85,24.04,23.59,24.03,0.24,+1.01%,78700,0
10/29/2004,24.15,24.23,23.79,23.79,-0.44,-1.82%,62800,0
10/28/2004,23.9,24.25,23.81,24.23,0.18,+0.75%,61900,0
10/27/2004,24.12,24.25,23.82,24.05,-0.03,-0.12%,137000,0
10/26/2004,23.6,24.08,23.2,24.08,0.45,+1.90%,107500,0
10/25/2004,23.05,23.63,22.85,23.63,0.46,+1.99%,156900,0
10/22/2004,23.43,23.85,23.07,23.17,-0.51,-2.15%,140100,0
10/21/2004,23.73,23.89,23.56,23.68,-0.02,-0.08%,107700,0
10/20/2004,23.35,23.94,23.27,23.7,0.3,+1.28%,106100,0
10/19/2004,23.87,24.14,23.3,23.4,-0.47,-1.97%,106300,0
10/18/2004,24,24.01,23.66,23.87,-0.24,-1.00%,96000,0
10/15/2004,23.25,24.29,23.25,24.11,0.83,+3.57%,110200,0
10/14/2004,23.4,23.57,23.24,23.28,-0.09,-0.39%,68100,0
10/13/2004,23.94,24,23.24,23.37,-0.45,-1.89%,103200,0
10/12/2004,23.8,23.99,23.45,23.82,-0.06,-0.25%,61400,0
10/11/2004,23.35,23.88,23.21,23.88,0.58,+2.49%,54800,0
10/08/2004,23.55,23.82,23.3,23.3,-0.32,-1.35%,88500,0
10/07/2004,24.1,24.12,23.61,23.62,-0.68,-2.80%,76400,0
10/06/2004,23.97,24.3,23.86,24.3,0.39,+1.63%,110900,0
10/05/2004,24.05,24.11,23.68,23.91,-0.27,-1.12%,115500,0
10/04/2004,23.9,24.18,23.71,24.18,0.19,+0.79%,143100,0
10/01/2004,23.08,23.99,22.96,23.99,1,+4.35%,159500,0
09/30/2004,22.95,23.3,22.86,22.99,0.09,+0.39%,89100,0
09/29/2004,22.99,22.99,22.7,22.9,-0.07,-0.30%,108900,0
09/28/2004,22.62,22.97,22.55,22.97,0.6,+2.68%,57900,0
09/27/2004,22.75,22.75,22.3,22.37,-0.42,-1.84%,65100,0
09/24/2004,22.64,22.95,22.64,22.79,0.25,+1.11%,107400,0
09/23/2004,22.6,22.8,22.35,22.54,0.01,+0.04%,69100,0
09/22/2004,22.85,22.85,22.35,22.53,-0.44,-1.92%,144100,0
09/21/2004,22.9,23.15,22.9,22.97,0.07,+0.31%,79000,0
09/20/2004,22.8,23.08,22.8,22.9,-0.07,-0.30%,55100,0
09/17/2004,23.5,23.5,22.78,22.97,-0.18,-0.78%,195300,0
09/16/2004,22.85,23.3,22.85,23.15,0.39,+1.71%,58400,0
09/15/2004,22.9,22.95,22.68,22.76,-0.24,-1.04%,44600,0
09/14/2004,23.1,23.27,22.84,23,-0.18,-0.78%,56600,0
09/13/2004,23.05,23.28,23.03,23.18,-0.03,-0.13%,45200,0
09/10/2004,23.15,23.3,22.9,23.21,-0.01,-0.04%,74600,0
09/09/2004,22.8,23.26,22.74,23.22,0.44,+1.93%,153700,0
09/08/2004,23,23.06,22.67,22.78,-0.22,-0.96%,90400,0
09/07/2004,23,23.2,22.85,23,0.39,+1.72%,88300,0
09/03/2004,22.8,23.1,22.46,22.61,-0.32,-1.40%,83900,0
09/02/2004,22.35,22.95,22.25,22.93,0.61,+2.73%,71800,0
09/01/2004,22.45,23,22.25,22.32,-0.08,-0.36%,139100,0
08/31/2004,22.2,22.44,22.02,22.4,0.22,+0.99%,66800,0
08/30/2004,22.4,22.42,22.13,22.18,-0.3,-1.33%,72600,0
08/27/2004,22.4,22.7,22.3,22.48,0.12,+0.54%,55900,0
08/26/2004,22.6,22.61,22.21,22.36,-0.31,-1.37%,83200,0
08/25/2004,22.22,22.67,22.15,22.67,0.52,+2.35%,74400,0
08/24/2004,22.06,22.31,21.96,22.15,0.29,+1.33%,78900,0
08/23/2004,22.2,22.38,21.86,21.86,-0.49,-2.19%,102200,0
08/20/2004,21.7,22.35,21.62,22.35,0.8,+3.71%,118800,0
08/19/2004,21.85,21.85,21.52,21.55,-0.38,-1.73%,94500,0
08/18/2004,21.7,22.09,21.64,21.93,0.22,+1.01%,111200,0
08/17/2004,21.75,21.8,21.5,21.71,0.02,+0.09%,98400,0
08/16/2004,21.1,21.76,21.1,21.69,0.65,+3.09%,69400,0
08/13/2004,21,21.21,20.95,21.04,0.17,+0.81%,77000,0
08/12/2004,20.86,21.11,20.85,20.87,-0.24,-1.14%,106800,0
08/11/2004,21.1,21.16,20.9,21.11,-0.11,-0.52%,105700,0
08/10/2004,20.58,21.25,20.56,21.22,0.71,+3.46%,116800,0
08/09/2004,20.75,20.81,20.48,20.51,-0.12,-0.58%,94300,0
08/06/2004,20.7,20.85,20.51,20.63,-0.14,-0.67%,113900,0
08/05/2004,21.17,21.17,20.76,20.77,-0.46,-2.17%,97100,0
08/04/2004,21.1,21.32,20.98,21.23,0.03,+0.14%,135800,0
08/03/2004,21.2,21.3,20.96,21.2,-0.08,-0.38%,110000,0
08/02/2004,20.97,21.36,20.93,21.28,0.16,+0.76%,77600,0
07/30/2004,21.42,21.42,20.99,21.12,-0.3,-1.40%,146100,0
07/29/2004,21.25,21.42,21,21.42,0.22,+1.04%,92200,0
07/28/2004,21.29,21.29,20.81,21.2,-0.22,-1.03%,142600,0
07/27/2004,20.7,21.47,20.7,21.42,0.61,+2.93%,172100,0
07/26/2004,20.85,21.04,20.65,20.81,-0.07,-0.34%,128100,0
07/23/2004,21.13,21.21,20.83,20.88,-0.29,-1.37%,119400,0
07/22/2004,21.25,21.62,20.88,21.17,-0.16,-0.75%,151000,0
07/21/2004,22,22.33,21.33,21.33,-0.65,-2.96%,146300,0
07/20/2004,21.45,22.3,21.15,21.98,0.54,+2.52%,224100,0
07/19/2004,21.2,21.53,21.01,21.44,0.19,+0.89%,100200,0
07/16/2004,21.33,21.55,21.14,21.25,-0.08,-0.38%,109500,0
07/15/2004,21.55,21.82,21.32,21.33,-0.07,-0.33%,75300,0
07/14/2004,21.55,21.83,21.4,21.4,-0.22,-1.02%,72400,0
07/13/2004,22,22.03,21.61,21.62,-0.23,-1.05%,111200,0
07/12/2004,21.57,22.09,21.54,21.85,0.28,+1.30%,100000,0
07/09/2004,21.81,21.9,21.49,21.57,-0.11,-0.51%,130700,0
07/08/2004,22.2,22.26,21.68,21.68,-0.6,-2.69%,209600,0
07/07/2004,22.35,22.47,22.15,22.28,0.02,+0.09%,148900,0
07/06/2004,22.7,22.73,22.19,22.26,-0.55,-2.41%,164000,0
07/02/2004,22.48,22.95,22.39,22.81,0.4,+1.78%,171400,0
07/01/2004,22.65,22.75,22.25,22.41,-0.12,-0.53%,141400,0
06/30/2004,22.64,22.77,22.5,22.53,-0.07,-0.31%,82200,0
06/29/2004,22.66,22.75,22.44,22.6,-0.06,-0.26%,153700,0
06/28/2004,22.3,22.66,22.18,22.66,0.52,+2.35%,268500,0
06/25/2004,22.36,22.5,21.85,22.14,-0.22,-0.98%,2299900,0
06/24/2004,22.8,22.87,22.3,22.36,-0.56,-2.44%,197400,0
06/23/2004,22.75,22.98,22.49,22.92,0.13,+0.57%,131600,0
06/22/2004,22.13,22.83,22.1,22.79,0.67,+3.03%,225700,0
06/21/2004,22.2,22.5,22,22.12,0.09,+0.41%,193300,0
06/18/2004,21.92,22.04,21.71,22.03,0.12,+0.55%,107400,0
06/17/2004,21.5,22,21.41,21.91,0.36,+1.67%,164800,0
06/16/2004,21.16,21.56,21.1,21.55,0.45,+2.13%,112300,0
06/15/2004,21.1,21.31,21.1,21.1,-0.01,-0.05%,119300,0
06/14/2004,21.2,21.22,20.83,21.11,-0.14,-0.66%,207900,0
06/10/2004,21.27,21.29,21.19,21.25,-0.02,-0.09%,85400,0
06/09/2004,21.27,21.4,21.2,21.27,-0.01,-0.05%,151900,0
06/08/2004,21,21.29,21,21.28,0.26,+1.24%,75200,0
06/07/2004,20.86,21.14,20.6,21.02,0,0.00%,118700,0
06/04/2004,20.87,21.02,20.7,21.02,0.35,+1.69%,75200,0
06/03/2004,21.1,21.1,20.66,20.67,-0.35,-1.67%,62100,0
06/02/2004,20.97,21.15,20.83,21.02,0.11,+0.53%,81000,0
06/01/2004,21,21,20.75,20.91,-0.01,-0.05%,74600,0
05/28/2004,20.8,20.97,20.75,20.92,0.17,+0.82%,83300,0
05/27/2004,20.86,20.86,20.68,20.75,-0.01,-0.05%,58100,0
05/26/2004,20.6,20.93,20.5,20.76,0.23,+1.12%,79100,0
05/25/2004,20.4,20.53,20.16,20.53,0.18,+0.88%,86000,0
05/24/2004,20.45,20.48,20.2,20.35,0.11,+0.54%,38700,0
05/21/2004,20.25,20.25,19.94,20.24,0.14,+0.70%,56600,0
05/20/2004,19.9,20.2,19.9,20.1,0.28,+1.41%,35700,0
05/19/2004,20.26,20.55,19.82,19.82,-0.39,-1.93%,90100,0
05/18/2004,20.1,20.25,20.07,20.21,0.05,+0.25%,68000,0
05/17/2004,20.3,20.33,20.05,20.16,-0.12,-0.59%,40000,0
05/14/2004,20.4,20.4,20.15,20.28,-0.06,-0.29%,55800,0
05/13/2004,20.55,20.61,20.27,20.34,-0.18,-0.88%,76900,0
05/12/2004,19.93,20.55,19.75,20.52,0.49,+2.45%,86800,0
05/11/2004,20.02,20.25,19.88,20.03,-0.06,-0.30%,72600,0
05/10/2004,20.15,20.24,19.35,20.09,-0.13,-0.64%,136800,0
05/07/2004,20.45,20.49,20.1,20.22,-0.28,-1.37%,88700,0
05/06/2004,20.6,20.62,20.45,20.5,-0.2,-0.97%,98200,0
05/05/2004,20.45,20.77,20.45,20.7,0.3,+1.47%,84500,0
05/04/2004,20.41,20.54,20.2,20.4,0.02,+0.10%,73100,0
05/03/2004,20.23,20.38,20.05,20.38,0.15,+0.74%,95500,0
04/30/2004,20.15,20.31,20.05,20.23,0.15,+0.75%,105700,0
04/29/2004,20.25,20.48,19.96,20.08,-0.29,-1.42%,109300,0
04/28/2004,20.65,20.72,20.25,20.37,-0.23,-1.12%,94700,0
04/27/2004,20.55,20.81,20.52,20.6,0.05,+0.24%,142200,0
04/26/2004,20.63,20.81,20.46,20.55,-0.13,-0.63%,73700,0
04/23/2004,20.7,20.75,20.42,20.68,0.01,+0.05%,104000,0
04/22/2004,20.35,20.85,20.29,20.67,0.29,+1.42%,140200,0
04/21/2004,20.55,20.64,20.2,20.38,-0.31,-1.50%,170300,0
04/20/2004,21.14,21.14,20.69,20.69,-0.45,-2.13%,126100,0
04/19/2004,21.81,21.81,20.99,21.14,-0.66,-3.03%,136000,0
04/16/2004,21.65,21.92,21.55,21.8,0.05,+0.23%,36800,0
04/15/2004,21.65,21.81,20.5,21.75,0.14,+0.65%,119200,0
04/14/2004,22.1,22.13,21.43,21.61,-0.63,-2.83%,41000,0
04/13/2004,22.55,22.63,22.24,22.24,-0.37,-1.64%,58900,0
04/12/2004,22.56,22.75,22.35,22.61,0.05,+0.22%,50700,0
04/08/2004,22.7,22.73,22.4,22.56,-0.05,-0.22%,87700,0
04/07/2004,22.83,22.83,22.39,22.61,-0.2,-0.88%,79100,0
04/06/2004,22.32,23,22.29,22.81,0.5,+2.24%,187000,0
04/05/2004,22.2,22.33,22,22.31,-0.06,-0.27%,97600,0
04/02/2004,22.8,22.8,22,22.37,0.23,+1.04%,103200,0
04/01/2004,21.85,22.19,21.83,22.14,0.26,+1.19%,46900,0
03/31/2004,21.75,21.99,21.6,21.88,0.24,+1.11%,107500,0
03/30/2004,21.55,21.71,21.52,21.64,0.08,+0.37%,40600,0
03/29/2004,21.53,21.7,21.53,21.56,0.06,+0.28%,30900,0
03/26/2004,21.65,21.69,21.45,21.5,-0.06,-0.28%,35000,0
03/25/2004,21.5,21.8,21.5,21.56,-0.08,-0.37%,77000,0
03/24/2004,21.55,21.75,21.41,21.64,0.14,+0.65%,67300,0
03/23/2004,21.55,21.64,21.45,21.5,0.08,+0.37%,33500,0
03/22/2004,21.7,21.75,21.42,21.42,-0.26,-1.20%,70300,0
03/19/2004,21.8,21.91,21.54,21.68,0,0.00%,47500,0
03/18/2004,21.8,21.88,21.55,21.68,-0.25,-1.14%,57500,0
03/17/2004,21.85,21.95,21.7,21.93,0.08,+0.37%,93100,0
03/16/2004,21.85,21.96,21.69,21.85,0.15,+0.69%,55400,0
03/15/2004,21.89,21.91,21.61,21.7,-0.06,-0.28%,64700,0
03/12/2004,21.8,22.01,21.65,21.76,0.06,+0.28%,87700,0
03/11/2004,21.8,22.05,21.38,21.7,-0.31,-1.41%,105100,0
03/10/2004,22.2,22.31,22,22.01,-0.2,-0.90%,110600,0
03/09/2004,22.38,22.43,22.05,22.21,-0.17,-0.76%,113000,0
03/08/2004,22.6,22.7,22.27,22.38,-0.27,-1.19%,81200,0
03/05/2004,22.2,22.65,22.18,22.65,0.35,+1.57%,98500,0
03/04/2004,22.1,22.3,21.9,22.3,0.3,+1.36%,63800,0
03/03/2004,22,22.14,21.9,22,0,0.00%,76100,0
03/02/2004,22.27,22.34,22,22,-0.37,-1.65%,181900,0
03/01/2004,22,22.44,22,22.37,0.49,+2.24%,120300,0
02/27/2004,22.04,22.47,21.81,21.88,-0.16,-0.73%,151500,0
02/26/2004,22.05,22.11,21.82,22.04,-0.01,-0.05%,79300,0
02/25/2004,21.55,22.2,21.55,22.05,0.55,+2.56%,177700,0
02/24/2004,21.75,21.85,21.47,21.5,-0.32,-1.47%,135300,0
02/23/2004,22,22.05,21.76,21.82,-0.08,-0.37%,69100,0
02/20/2004,22.05,22.09,21.84,21.9,-0.13,-0.59%,90300,0
02/19/2004,22.08,22.1,21.98,22.03,-0.15,-0.68%,106100,0
02/18/2004,22.05,22.18,21.85,22.18,0.23,+1.05%,89100,0
02/17/2004,22.14,22.2,21.7,21.95,-0.19,-0.86%,153900,0
02/13/2004,22.1,22.25,22,22.14,0.04,+0.18%,96000,0
02/12/2004,22.5,22.5,22.09,22.1,-0.32,-1.43%,161700,0
02/11/2004,22,22.47,21.82,22.42,0.46,+2.09%,169500,0
02/10/2004,21.83,21.97,21.75,21.96,0.03,+0.14%,143100,0
02/09/2004,21.85,22.05,21.8,21.93,0.03,+0.14%,182900,0
02/06/2004,21.42,21.9,21.35,21.9,0.52,+2.43%,290300,0
02/05/2004,21.6,21.66,21.3,21.38,-0.16,-0.74%,120800,0
02/04/2004,22.17,22.17,21.42,21.54,-0.64,-2.89%,129200,0
02/03/2004,22.19,22.2,22.04,22.18,0.08,+0.36%,65500,0
02/02/2004,22.41,22.41,22.1,22.1,-0.31,-1.38%,136600,0
01/30/2004,22.32,22.43,22.08,22.41,0.09,+0.40%,91600,0
01/29/2004,22.5,22.57,21.99,22.32,-0.24,-1.06%,146500,0
01/28/2004,23.12,23.15,22.54,22.56,-0.62,-2.67%,85800,0
01/27/2004,23.35,23.35,22.92,23.18,-0.14,-0.60%,139500,0
01/26/2004,23.5,23.5,23.05,23.32,-0.18,-0.77%,54300,0
01/23/2004,22.85,23.5,22.85,23.5,0.6,+2.62%,64000,0
01/22/2004,22.84,22.96,22.64,22.9,-0.19,-0.82%,119900,0
01/21/2004,23.15,23.15,22.9,23.09,-0.01,-0.04%,85600,0
01/20/2004,23.17,23.25,23.05,23.1,0.03,+0.13%,82600,0
01/16/2004,23.35,23.43,23.06,23.07,-0.21,-0.90%,54900,0
01/15/2004,23.05,23.54,23.05,23.28,0.13,+0.56%,84300,0
01/14/2004,23.25,23.27,23.05,23.15,-0.1,-0.43%,36300,0
01/13/2004,23.4,23.4,23.07,23.25,-0.08,-0.34%,47600,0
01/12/2004,23.5,23.51,23.18,23.33,-0.24,-1.02%,58600,0
01/09/2004,23.45,23.6,23.23,23.57,0.04,+0.17%,61000,0
01/08/2004,23.75,23.76,23.45,23.53,-0.31,-1.30%,63100,0
01/07/2004,24.05,24.05,23.55,23.84,-0.15,-0.63%,86400,0
01/06/2004,24.05,24.09,23.67,23.99,-0.08,-0.33%,128400,0
01/05/2004,23.7,24.08,23.7,24.07,0.53,+2.25%,86300,0
01/02/2004,23.8,23.9,23.51,23.54,-0.18,-0.76%,39400,0
12/31/2003,23.8,23.97,23.67,23.72,-0.18,-0.75%,54200,0
12/30/2003,23.86,23.99,23.79,23.9,0.05,+0.21%,48800,0
12/29/2003,23.75,24.04,23.72,23.85,0.2,+0.85%,55100,0
12/26/2003,23.66,23.88,23.6,23.65,-0.01,-0.04%,24300,0
12/24/2003,23.5,23.8,23.5,23.66,-0.03,-0.13%,30700,0
12/23/2003,23.53,23.81,23.4,23.69,0.06,+0.25%,53500,0
12/22/2003,23.7,23.81,23.59,23.63,-0.17,-0.71%,30800,0
12/19/2003,23.98,24,23.65,23.8,-0.05,-0.21%,52900,0
12/18/2003,23.65,23.97,23.6,23.85,0.12,+0.51%,22100,0
12/17/2003,23.9,23.9,23.62,23.73,-0.24,-1.00%,19700,0
12/16/2003,23.53,24,23.53,23.97,0.54,+2.30%,57400,0
12/15/2003,24.1,24.1,23.42,23.43,-0.63,-2.62%,49400,0
12/12/2003,23.93,24.06,23.85,24.06,0.21,+0.88%,30000,0
12/11/2003,23.9,24.06,23.85,23.85,-0.15,-0.63%,31100,0
12/10/2003,24,24.1,23.77,24,0.01,+0.04%,34800,0
12/09/2003,24.2,24.2,23.96,23.99,-0.14,-0.58%,26100,0
12/08/2003,24,24.2,23.96,24.13,0.03,+0.12%,56200,0
12/05/2003,24.05,24.14,23.95,24.1,-0.01,-0.04%,23800,0
12/04/2003,24.35,24.38,24.05,24.11,-0.34,-1.39%,30300,0
12/03/2003,24.25,24.5,24.2,24.45,0.27,+1.12%,50100,0
12/02/2003,24.3,24.49,24.16,24.18,-0.19,-0.78%,54000,0
12/01/2003,24.3,24.5,24.3,24.37,-0.03,-0.12%,40200,0
11/28/2003,24.45,24.48,24.33,24.4,0.01,+0.04%,11300,0
11/26/2003,24.15,24.5,24,24.39,0.19,+0.79%,56500,0
11/25/2003,24.05,24.23,23.95,24.2,0.25,+1.04%,32600,0
11/24/2003,23.85,24.23,23.85,23.95,-0.02,-0.08%,62600,0
11/21/2003,23.85,24.18,23.75,23.97,0.05,+0.21%,33800,0
11/20/2003,24.09,24.13,23.82,23.92,-0.18,-0.75%,39600,0
11/19/2003,23.9,24.1,23.9,24.1,0.1,+0.42%,46100,0
11/18/2003,23.85,24.15,23.85,24,0.05,+0.21%,46100,0
11/17/2003,23.77,24,23.7,23.95,0.1,+0.42%,73100,0
11/14/2003,24.1,24.1,23.62,23.85,-0.17,-0.71%,71000,0
11/13/2003,24,24.02,23.73,24.02,0.12,+0.50%,60600,0
11/12/2003,23.9,24.11,23.83,23.9,0,0.00%,58800,0
11/11/2003,24,24.01,23.8,23.9,-0.2,-0.83%,33200,0
11/10/2003,23.85,24.1,23.8,24.1,0.15,+0.63%,68800,0
11/07/2003,24,24,23.8,23.95,-0.05,-0.21%,39800,0
11/06/2003,23.64,24,23.5,24,0.26,+1.10%,57500,0
11/05/2003,23.8,23.8,23.49,23.74,-0.14,-0.59%,61900,0
11/04/2003,23.95,23.97,23.6,23.88,-0.08,-0.33%,83900,0
11/03/2003,23.51,23.96,23.5,23.96,0.45,+1.91%,33400,0
10/31/2003,23.4,23.51,23.34,23.51,0.18,+0.77%,37100,0
10/30/2003,23.3,23.45,23.3,23.33,0.13,+0.56%,89200,0
10/29/2003,23.36,23.45,23.2,23.2,-0.06,-0.26%,67900,0
10/28/2003,22.95,23.31,22.92,23.26,0.32,+1.39%,55700,0
10/27/2003,22.72,23.13,22.72,22.94,0.14,+0.61%,42700,0
10/24/2003,22.95,22.97,22.52,22.8,-0.15,-0.65%,39300,0
10/23/2003,22.8,22.99,22.8,22.95,0.14,+0.61%,30500,0
10/22/2003,22.95,23,22.77,22.81,-0.24,-1.04%,29500,0
10/21/2003,23.33,23.33,22.7,23.05,-0.18,-0.77%,74900,0
10/20/2003,23.15,23.27,22.92,23.23,0.16,+0.69%,56000,0
10/17/2003,23.25,23.25,22.66,23.07,0.17,+0.74%,96200,0
10/16/2003,22.94,23.02,22.7,22.9,-0.04,-0.17%,96600,0
10/15/2003,23.25,23.32,22.94,22.94,-0.34,-1.46%,25300,0
10/14/2003,23.3,23.38,23.1,23.28,-0.02,-0.09%,115100,0
10/13/2003,22.95,23.39,22.88,23.3,0.3,+1.30%,94700,0
10/10/2003,22.95,23.1,22.76,23,0.11,+0.48%,58000,0
10/09/2003,22.94,23,22.8,22.89,0.06,+0.26%,47700,0
10/08/2003,22.75,22.93,22.65,22.83,0.23,+1.02%,66400,0
10/07/2003,23.08,23.1,22.5,22.6,-0.48,-2.08%,166200,0
10/06/2003,22.7,23.25,22.6,23.08,0.38,+1.67%,107700,0
10/03/2003,22.45,22.75,22.4,22.7,0.3,+1.34%,75700,0
10/02/2003,22.4,22.46,22.14,22.4,0,0.00%,51400,0
10/01/2003,21.95,22.45,21.92,22.4,0.5,+2.28%,52600,0
09/30/2003,22.02,22.09,21.9,21.9,-0.12,-0.54%,50400,0
09/29/2003,21.8,22.03,21.8,22.02,0.22,+1.01%,29600,0
09/26/2003,21.8,21.9,21.63,21.8,0.03,+0.14%,64500,0
09/25/2003,21.9,21.98,21.63,21.77,-0.2,-0.91%,71800,0
09/24/2003,22.05,22.17,21.97,21.97,-0.18,-0.81%,54800,0
09/23/2003,21.9,22.15,21.75,22.15,0.2,+0.91%,43600,0
09/22/2003,21.99,22,21.69,21.95,0,0.00%,40100,0
09/19/2003,22.03,22.15,21.9,21.95,-0.04,-0.18%,98100,0
09/18/2003,21.85,22.06,21.82,21.99,0.22,+1.01%,73500,0
09/17/2003,21.5,21.93,21.5,21.77,0.06,+0.28%,73500,0
09/16/2003,21.44,21.79,21.43,21.71,0.27,+1.26%,83000,0
09/15/2003,21.25,21.48,21.23,21.44,0.15,+0.70%,57200,0
09/12/2003,21.4,21.54,21.15,21.29,-0.11,-0.51%,91300,0
09/11/2003,20.9,21.47,20.9,21.4,0.26,+1.23%,48000,0
09/10/2003,21.65,21.65,21.08,21.14,-0.61,-2.80%,103000,0
09/09/2003,21.9,21.94,21.54,21.75,-0.22,-1.00%,61100,0
09/08/2003,21.58,22.01,21.58,21.97,0.27,+1.24%,43100,0
09/05/2003,21.75,21.96,21.61,21.7,0,0.00%,36500,0
09/04/2003,21.6,21.95,21.6,21.7,0.02,+0.09%,83300,0
09/03/2003,21.62,21.75,21.44,21.68,-0.04,-0.18%,40700,0
09/02/2003,21.6,21.8,21.5,21.72,0.17,+0.79%,42300,0
08/29/2003,21.5,21.75,21.4,21.55,0.09,+0.42%,46900,0
08/28/2003,21.4,21.51,21.28,21.46,0.13,+0.61%,28900,0
08/27/2003,21.15,21.41,21.15,21.33,0.1,+0.47%,27200,0
08/26/2003,21.31,21.38,21.06,21.23,-0.1,-0.47%,72200,0
08/25/2003,21.38,21.4,21.28,21.33,-0.02,-0.09%,31100,0
08/22/2003,21.73,21.83,21.35,21.35,-0.35,-1.61%,69800,0
08/21/2003,21.7,21.92,21.6,21.7,0.07,+0.32%,57400,0
08/20/2003,21.38,21.65,21.38,21.63,0.25,+1.17%,43600,0
08/19/2003,21.43,21.5,21.32,21.38,-0.04,-0.19%,65400,0
08/18/2003,21.55,21.55,21.35,21.42,-0.18,-0.83%,81000,0
08/15/2003,21.45,21.65,21.4,21.6,0.03,+0.14%,17000,0
08/14/2003,21.47,21.57,21.4,21.57,0.08,+0.37%,140500,0
08/13/2003,21.45,21.56,21.45,21.49,0.09,+0.42%,82900,0
08/12/2003,21.2,21.5,21.2,21.4,0.18,+0.85%,54500,0
08/11/2003,21.3,21.49,21.2,21.22,-0.03,-0.14%,100100,0
08/08/2003,21.17,21.53,21.13,21.25,0.08,+0.38%,92800,0
08/07/2003,21.1,21.28,21,21.17,0.01,+0.05%,105300,0
08/06/2003,20.7,21.25,20.7,21.16,0.31,+1.49%,73400,0
08/05/2003,20.9,20.95,20.71,20.85,0.14,+0.68%,107600,0
08/04/2003,20.75,20.79,20.29,20.71,-0.08,-0.38%,115200,0
08/01/2003,21.1,21.1,20.68,20.79,-0.41,-1.93%,43900,0
07/31/2003,21.55,21.55,21.19,21.2,-0.45,-2.08%,58000,0
07/30/2003,21.3,21.65,21.1,21.65,0.43,+2.03%,56200,0
07/29/2003,21.48,21.48,21.03,21.22,-0.23,-1.07%,111900,0
07/28/2003,21.5,21.55,21.4,21.45,-0.02,-0.09%,31900,0
07/25/2003,21.55,21.64,21.46,21.47,-0.07,-0.32%,74500,0
07/24/2003,21.46,21.7,21.45,21.54,0,0.00%,44800,0
07/23/2003,21.72,21.72,21.3,21.54,-0.17,-0.78%,69500,0
07/22/2003,21.3,21.72,21.25,21.71,0.36,+1.69%,62400,0
07/21/2003,21.71,21.71,21.27,21.35,-0.35,-1.61%,69300,0
07/18/2003,21.85,21.85,21.62,21.7,-0.27,-1.23%,114200,0
07/17/2003,22.15,22.15,21.3,21.97,-0.25,-1.13%,157400,0
07/16/2003,21.94,22.23,21.89,22.22,0.32,+1.46%,87000,0
07/15/2003,22.15,22.15,21.8,21.9,-0.16,-0.73%,81800,0
07/14/2003,21.98,22.22,21.92,22.06,0.11,+0.50%,125400,0
07/11/2003,21.7,21.95,21.7,21.95,0.25,+1.15%,23300,0
07/10/2003,21.71,21.75,21.47,21.7,-0.01,-0.05%,43300,0
07/09/2003,21.9,22,21.7,21.71,-0.24,-1.09%,70200,0
07/08/2003,21.65,22.01,21.38,21.95,0.3,+1.39%,134600,0
07/07/2003,21.45,21.97,21.44,21.65,0.17,+0.79%,151100,0
07/03/2003,21.2,21.77,21.2,21.48,0.22,+1.03%,64400,0
07/02/2003,21,21.4,20.9,21.26,0.26,+1.24%,115800,0
07/01/2003,20.8,21,20.51,21,0.15,+0.72%,70200,0
06/30/2003,20.67,20.85,20.35,20.85,0.33,+1.61%,222100,0
06/27/2003,20.7,20.7,20.46,20.52,-0.08,-0.39%,41000,0
06/26/2003,20.47,20.78,20.39,20.6,0.23,+1.13%,58000,0
06/25/2003,20.6,20.65,20.36,20.37,-0.19,-0.92%,42800,0
06/24/2003,20.45,20.6,20.4,20.56,0.06,+0.29%,69300,0
06/23/2003,21,21,20.41,20.5,-0.53,-2.52%,59900,0
06/20/2003,20.85,21.03,20.59,21.03,0.28,+1.35%,102100,0
06/19/2003,21.55,21.55,20.75,20.75,-0.73,-3.40%,112200,0
06/18/2003,21.55,21.57,21.34,21.48,-0.02,-0.09%,59800,0
06/17/2003,21.8,21.84,21.49,21.5,-0.33,-1.51%,91800,0
06/16/2003,21.7,21.88,21.52,21.83,0.13,+0.60%,79400,0
06/13/2003,21.75,21.97,21.69,21.7,-0.2,-0.91%,43600,0
06/12/2003,22.2,22.23,21.88,21.9,-0.12,-0.54%,82800,0
06/11/2003,22.01,22.15,21.95,22.02,-0.22,-0.99%,41300,0
06/10/2003,22.12,22.24,22.09,22.24,0.27,+1.23%,33100,0
06/09/2003,22.32,22.64,21.9,21.97,-0.44,-1.96%,70800,0
06/06/2003,22.49,22.76,22.38,22.41,-0.03,-0.13%,109100,0
06/05/2003,22.26,22.5,22.02,22.44,0.16,+0.72%,179600,0
06/04/2003,21.99,22.39,21.8,22.28,0.29,+1.32%,113500,0
06/03/2003,21.66,21.99,21.6,21.99,0.23,+1.06%,48000,0
06/02/2003,22.05,22.09,21.53,21.76,-0.29,-1.32%,113100,0
05/30/2003,21.48,22.05,21.32,22.05,0.58,+2.70%,140800,0
05/29/2003,21.26,21.56,21.25,21.47,0.22,+1.04%,155100,0
05/28/2003,21,21.27,21,21.25,0.09,+0.43%,59100,0
05/27/2003,21,21.2,20.91,21.16,0.08,+0.38%,87000,0
05/23/2003,20.97,21.1,20.84,21.08,0.07,+0.33%,14000,0
05/22/2003,20.95,21.14,20.8,21.01,0.03,+0.14%,53500,0
05/21/2003,20.96,21.1,20.88,20.98,0.01,+0.05%,88900,0
05/20/2003,20.9,21.05,20.76,20.97,0.22,+1.06%,103800,0
05/19/2003,21.48,21.48,20.56,20.75,-0.95,-4.38%,156700,0
05/16/2003,20.9,21.7,20.64,21.7,0.87,+4.18%,234000,0
05/15/2003,20.76,20.9,20.67,20.83,0.07,+0.34%,92100,0
05/14/2003,20.75,20.94,20.6,20.76,0.01,+0.05%,78100,0
05/13/2003,20.85,20.89,20.65,20.75,-0.1,-0.48%,71500,0
05/12/2003,20.63,20.93,20.63,20.85,0.2,+0.97%,36900,0
05/09/2003,20.58,20.81,20.58,20.65,0.02,+0.10%,72700,0
05/08/2003,20.75,20.8,20.53,20.63,-0.07,-0.34%,68500,0
05/07/2003,20.42,20.7,20.28,20.7,0.38,+1.87%,107200,0
05/06/2003,20.3,20.5,20.28,20.32,0.1,+0.49%,81300,0
05/05/2003,20.5,20.59,20.1,20.22,-0.27,-1.32%,101700,0
05/02/2003,19.95,20.5,19.88,20.49,0.55,+2.76%,107100,0
05/01/2003,20.03,20.2,19.8,19.94,-0.16,-0.80%,111800,0
04/30/2003,20.05,20.19,19.91,20.1,0.02,+0.10%,88500,0
04/29/2003,20.11,20.23,20.01,20.08,-0.03,-0.15%,64100,0
04/28/2003,19.64,20.13,19.6,20.11,0.42,+2.13%,126600,0
04/25/2003,19.89,19.89,19.6,19.69,-0.25,-1.25%,96400,0
04/24/2003,19.98,20.19,19.92,19.94,-0.04,-0.20%,100000,0
04/23/2003,19.97,20,19.88,19.98,0.02,+0.10%,84100,0
04/22/2003,19.7,20,19.56,19.96,0.18,+0.91%,176700,0
04/21/2003,19.5,19.83,19.5,19.78,0.18,+0.92%,83400,0
04/17/2003,19.8,19.81,19.51,19.6,0.05,+0.26%,80900,0
04/16/2003,19.7,19.73,19.41,19.55,-0.03,-0.15%,119000,0
04/15/2003,19.35,19.71,19.35,19.58,0.27,+1.40%,155600,0
04/14/2003,19.1,19.37,19.05,19.31,0.25,+1.31%,54500,0
04/11/2003,19,19.19,18.98,19.06,0.06,+0.32%,42100,0
04/10/2003,18.75,19.07,18.75,19,0.22,+1.17%,38600,0
04/09/2003,18.86,19.13,18.75,18.78,-0.08,-0.42%,75800,0
04/08/2003,18.85,18.95,18.78,18.86,-0.05,-0.26%,44600,0
04/07/2003,18.98,19.18,18.9,18.91,0.12,+0.64%,121200,0
04/04/2003,18.7,18.94,18.7,18.79,0.07,+0.37%,48900,0
04/03/2003,19.03,19.03,18.71,18.72,-0.26,-1.37%,60600,0
04/02/2003,18.55,19,18.55,18.98,0.42,+2.26%,132700,0
04/01/2003,18.6,18.6,18.31,18.56,0.16,+0.87%,55700,0
03/31/2003,18.56,18.58,18.24,18.4,-0.11,-0.59%,103200,0
03/28/2003,18.64,18.79,18.47,18.51,-0.16,-0.86%,60100,0
03/27/2003,18.72,18.76,18.56,18.67,-0.03,-0.16%,59600,0
03/26/2003,18.7,18.91,18.65,18.7,-0.04,-0.21%,55800,0
03/25/2003,18.47,18.8,18.47,18.74,0.25,+1.35%,39300,0
03/24/2003,18.6,18.7,18.44,18.49,-0.22,-1.18%,71000,0
03/21/2003,18.72,18.8,18.49,18.71,0.14,+0.75%,140800,0
03/20/2003,18.49,18.67,18.1,18.57,0.09,+0.49%,68900,0
03/19/2003,18.41,18.49,18.3,18.48,0.18,+0.98%,79600,0
03/18/2003,18.46,18.46,18.23,18.3,0,0.00%,34300,0
03/17/2003,17.5,18.3,17.5,18.3,0.48,+2.69%,79000,0
03/14/2003,17.9,18,17.81,17.82,-0.13,-0.72%,54000,0
03/13/2003,17.76,18.05,17.76,17.95,0.19,+1.07%,49600,0
03/12/2003,17.56,17.76,17.54,17.76,0.04,+0.23%,89200,0
03/11/2003,17.89,17.96,17.67,17.72,-0.1,-0.56%,88500,0
03/10/2003,18.15,18.15,17.82,17.82,-0.43,-2.36%,72600,0
03/07/2003,18,18.27,18,18.25,0.2,+1.11%,53500,0
03/06/2003,18.24,18.42,18.05,18.05,-0.21,-1.15%,90300,0
03/05/2003,18.21,18.35,18.1,18.26,0.1,+0.55%,48300,0
03/04/2003,18.14,18.41,18.14,18.16,-0.28,-1.52%,108700,0
03/03/2003,18.65,18.75,18.41,18.44,-0.21,-1.13%,66700,0
02/28/2003,18.73,18.78,18.48,18.65,0.02,+0.11%,61500,0
02/27/2003,18.32,18.66,18.31,18.63,0.33,+1.80%,43200,0
02/26/2003,18.45,18.45,18.21,18.3,-0.13,-0.71%,53100,0
02/25/2003,18.64,18.64,18.03,18.43,-0.26,-1.39%,132500,0
02/24/2003,18.9,18.9,18.67,18.69,-0.2,-1.06%,103300,0
02/21/2003,18.4,18.92,18.4,18.89,0.49,+2.66%,87800,0
02/20/2003,18.4,18.65,18.4,18.4,-0.1,-0.54%,35400,0
02/19/2003,18.67,18.7,18.36,18.5,-0.07,-0.38%,38600,0
02/18/2003,18.25,18.7,18.25,18.57,0.07,+0.38%,31700,0
02/14/2003,18.37,18.6,18.25,18.5,0.12,+0.65%,53200,0
02/13/2003,18.3,18.39,18.16,18.38,0.21,+1.16%,47100,0
02/12/2003,18.4,18.45,18.14,18.17,-0.23,-1.25%,32800,0
02/11/2003,18.6,18.66,18.25,18.4,-0.17,-0.92%,143700,0
02/10/2003,18.2,18.61,18.2,18.57,0.35,+1.92%,103500,0
02/07/2003,18.54,18.6,18.15,18.22,-0.17,-0.92%,66700,0
02/06/2003,18.54,18.64,18.35,18.39,-0.17,-0.92%,59900,0
02/05/2003,18.84,18.87,18.52,18.56,-0.23,-1.22%,71100,0
02/04/2003,18.76,18.96,18.75,18.79,-0.06,-0.32%,69600,0
02/03/2003,18.63,19,18.59,18.85,-0.03,-0.16%,130300,0
01/31/2003,18.48,18.89,18.42,18.88,0.4,+2.16%,61600,0
01/30/2003,18.7,18.86,18.48,18.48,-0.22,-1.18%,54100,0
01/29/2003,18.4,18.71,18.23,18.7,0.2,+1.08%,67300,0
01/28/2003,18.64,18.77,18.5,18.5,-0.1,-0.54%,79800,0
01/27/2003,18.86,18.95,18.6,18.6,-0.28,-1.48%,50900,0
01/24/2003,19.18,19.18,18.82,18.88,-0.3,-1.56%,43700,0
01/23/2003,19.29,19.45,19.05,19.18,-0.08,-0.42%,68500,0
01/22/2003,19.25,19.45,19.12,19.26,0.16,+0.84%,71400,0
01/21/2003,19.4,19.4,18.92,19.1,-0.35,-1.80%,93800,0
01/17/2003,19.49,19.55,19.29,19.45,-0.01,-0.05%,46100,0
01/16/2003,19.5,19.61,19.35,19.46,-0.04,-0.21%,43200,0
01/15/2003,19.6,19.6,19.4,19.5,-0.07,-0.36%,75100,0
01/14/2003,19.7,19.7,19.53,19.57,-0.13,-0.66%,89300,0
01/13/2003,19.79,19.79,19.5,19.7,-0.09,-0.45%,128800,0
01/10/2003,19.8,19.8,19.73,19.79,-0.03,-0.15%,44800,0
01/09/2003,19.4,19.85,19.39,19.82,0.42,+2.16%,96200,0
01/08/2003,20,20,19.4,19.4,-0.6,-3.00%,54100,0
01/07/2003,20.1,20.1,19.95,20,-0.1,-0.50%,33100,0
01/06/2003,19.65,20.3,19.61,20.1,0.38,+1.93%,70900,0
01/03/2003,19.8,19.85,19.61,19.72,0.03,+0.15%,56600,0
01/02/2003,19.62,19.72,19.29,19.69,0.27,+1.39%,54300,0
12/31/2002,19.4,19.58,19.2,19.42,-0.02,-0.10%,53100,0
12/30/2002,19.3,19.5,19.15,19.44,0.2,+1.04%,66300,0
12/27/2002,19.48,19.48,19.24,19.24,-0.17,-0.88%,40900,0
12/26/2002,19.13,19.49,19.13,19.41,0.13,+0.67%,59500,0
12/24/2002,19.41,19.45,19.12,19.28,-0.12,-0.62%,37700,0
12/23/2002,19.17,19.48,19.15,19.4,0.21,+1.09%,57200,0
12/20/2002,18.9,19.32,18.9,19.19,0.31,+1.64%,64900,0
12/19/2002,19.12,19.3,18.86,18.88,-0.14,-0.74%,106900,0
12/18/2002,19.25,19.3,18.89,19.02,-0.26,-1.35%,77100,0
12/17/2002,19.5,19.5,19.16,19.28,-0.32,-1.63%,42600,0
12/16/2002,19.1,19.6,19.1,19.6,0.25,+1.29%,61400,0
12/13/2002,19.1,19.6,19.1,19.35,0.09,+0.47%,51900,0
12/12/2002,19.53,19.6,19.2,19.26,-0.27,-1.38%,27200,0
12/11/2002,19.26,19.76,19.21,19.53,0.05,+0.26%,72000,0
12/10/2002,19.25,19.5,19.25,19.48,0.28,+1.46%,37000,0
12/09/2002,19.29,19.48,19.15,19.2,-0.22,-1.13%,45800,0
12/06/2002,19.22,19.5,19.16,19.42,0.21,+1.09%,34200,0
12/05/2002,19.34,19.4,19.13,19.21,-0.11,-0.57%,76600,0
12/04/2002,19.13,19.48,19.1,19.32,-0.06,-0.31%,52900,0
12/03/2002,19.51,19.57,19.17,19.38,-0.12,-0.62%,50700,0
12/02/2002,19.45,19.78,19.4,19.5,-0.05,-0.26%,87200,0
11/29/2002,19.66,19.78,19.44,19.55,-0.16,-0.81%,27200,0
11/27/2002,19.14,19.71,19.07,19.71,0.57,+2.98%,53400,0
11/26/2002,19.75,19.75,19.06,19.14,-0.65,-3.28%,160600,0
11/25/2002,19.45,19.96,19.39,19.79,0.31,+1.59%,186800,0
11/22/2002,19.45,19.98,19.4,19.48,0.04,+0.21%,117900,0
11/21/2002,18.85,19.95,18.85,19.44,0.56,+2.97%,171400,0
11/20/2002,18.25,19.05,18.09,18.88,0.65,+3.57%,136900,0
11/19/2002,18.35,18.64,18.16,18.23,-0.07,-0.38%,87900,0
11/18/2002,18.7,18.77,18.17,18.3,-0.3,-1.61%,53600,0
11/15/2002,18.4,18.76,18.31,18.6,0.16,+0.87%,101800,0
11/14/2002,18.11,18.49,18.08,18.44,0.39,+2.16%,64600,0
11/13/2002,18.11,18.43,17.76,18.05,-0.11,-0.61%,66800,0
11/12/2002,17.63,18.43,17.62,18.16,0.56,+3.18%,77000,0
11/11/2002,18.1,18.15,17.6,17.6,-0.47,-2.60%,92900,0
11/08/2002,17.9,18.13,17.8,18.07,0.17,+0.95%,95700,0
11/07/2002,18.4,18.4,17.9,17.9,-0.6,-3.24%,137400,0
11/06/2002,18.75,18.78,18.43,18.5,-0.24,-1.28%,73800,0
11/05/2002,18.75,19.25,18.58,18.74,-0.16,-0.85%,115000,0
11/04/2002,19.08,19.17,18.8,18.9,-0.28,-1.46%,65700,0
11/01/2002,18.95,19.3,18.8,19.18,0.23,+1.21%,47600,0
10/31/2002,18.85,18.99,18.7,18.95,0.12,+0.64%,138200,0
10/30/2002,18.75,19.04,18.64,18.83,0.03,+0.16%,115000,0
10/29/2002,19,19.06,18.76,18.8,-0.23,-1.21%,102600,0
10/28/2002,19.05,19.32,18.9,19.03,0.03,+0.16%,101300,0
10/25/2002,18.47,19.19,18.47,19,0.5,+2.70%,121600,0
10/24/2002,18.85,18.92,18.48,18.5,-0.25,-1.33%,117000,0
10/23/2002,19.3,19.3,18.47,18.75,-0.63,-3.25%,147500,0
10/22/2002,19.25,19.45,19.13,19.38,0.03,+0.16%,73600,0
10/21/2002,19.35,19.5,19.05,19.35,-0.05,-0.26%,48700,0
10/18/2002,19.19,19.47,18.97,19.4,0.06,+0.31%,93400,0
10/17/2002,19.05,19.45,19.05,19.34,0.24,+1.26%,96400,0
10/16/2002,19.34,19.66,19,19.1,-0.34,-1.75%,78200,0
10/15/2002,19.06,19.6,19.06,19.44,0.59,+3.13%,93000,0
10/14/2002,18.48,18.89,18.48,18.85,0.27,+1.45%,41200,0
10/11/2002,18.2,19.11,18.2,18.58,0.4,+2.20%,100600,0
10/10/2002,17.6,18.29,17.44,18.18,0.64,+3.65%,148500,0
10/09/2002,18,18,17.43,17.54,-0.38,-2.12%,128700,0
10/08/2002,17.75,18.21,17.75,17.92,0.22,+1.24%,151500,0
10/07/2002,18.46,18.46,17.5,17.7,-0.96,-5.14%,234700,0
10/04/2002,19.25,19.25,18.65,18.66,-0.54,-2.81%,121800,0
10/03/2002,19.78,19.84,19.15,19.2,-0.58,-2.93%,48600,0
10/02/2002,20.16,20.16,19.74,19.78,-0.38,-1.88%,72600,0
10/01/2002,19.6,20.19,19.6,20.16,0.46,+2.34%,236700,0
09/30/2002,19.6,19.8,19.16,19.7,-0.04,-0.20%,62800,0
09/27/2002,20.07,20.11,19.7,19.74,-0.33,-1.64%,36300,0
09/26/2002,20,20.1,19.93,20.07,0.07,+0.35%,63300,0
09/25/2002,19.3,20,19.3,20,0.68,+3.52%,109700,0
09/24/2002,19.65,19.7,19.31,19.32,-0.3,-1.53%,71800,0
09/23/2002,19.65,19.77,19.41,19.62,-0.4,-2.00%,81800,0
09/20/2002,19.67,20.05,19.65,20.02,0.36,+1.83%,84700,0
09/19/2002,20.1,20.1,19.5,19.66,-0.64,-3.15%,109100,0
09/18/2002,20.53,20.55,20.25,20.3,-0.25,-1.22%,74600,0
09/17/2002,20.69,20.75,20.53,20.55,-0.14,-0.68%,139500,0
09/16/2002,20.67,20.9,20.66,20.69,0.02,+0.10%,173400,0
09/13/2002,20.4,20.7,20.39,20.67,0.17,+0.83%,45600,0
09/12/2002,20.76,20.81,20.5,20.5,-0.27,-1.30%,186200,0
09/11/2002,20.42,20.9,20.42,20.77,-0.05,-0.24%,77000,0
09/10/2002,20.85,20.96,20.7,20.82,-0.08,-0.38%,61200,0
09/09/2002,20.89,21.1,20.8,20.9,0.01,+0.05%,83200,0
09/06/2002,20.57,20.95,20.53,20.89,0.35,+1.70%,73900,0
09/05/2002,20.4,20.67,20.3,20.54,0,0.00%,124000,0
09/04/2002,20.4,20.6,20.4,20.54,0.24,+1.18%,77300,0
09/03/2002,20.56,20.67,20.25,20.3,-0.25,-1.22%,84600,0
08/30/2002,20.6,20.9,20.55,20.55,-0.14,-0.68%,69200,0
08/29/2002,20.38,20.89,20.18,20.69,0.31,+1.52%,76800,0
08/28/2002,20.55,20.58,20.25,20.38,-0.32,-1.55%,63200,0
08/27/2002,20.86,20.96,20.63,20.7,-0.14,-0.67%,98200,0
08/26/2002,20.33,20.85,20.33,20.84,0.26,+1.26%,94800,0
08/23/2002,20.5,20.8,20.25,20.58,0.03,+0.15%,109000,0
08/22/2002,20.64,20.81,20.39,20.55,-0.19,-0.92%,49000,0
08/21/2002,20.35,20.79,20.29,20.74,0.29,+1.42%,49200,0
08/20/2002,20.54,20.56,20.2,20.45,-0.19,-0.92%,49400,0
08/19/2002,20.57,20.9,20.55,20.64,0.09,+0.44%,72100,0
08/16/2002,20.55,20.75,20.45,20.55,-0.05,-0.24%,82400,0
08/15/2002,20.67,20.75,20.51,20.6,0.03,+0.15%,75000,0
08/14/2002,19.85,20.57,19.65,20.57,0.62,+3.11%,119300,0
08/13/2002,20.18,20.4,19.94,19.95,-0.25,-1.24%,96400,0
08/12/2002,20.19,20.43,19.99,20.2,-0.02,-0.10%,90100,0
08/09/2002,19.48,20.36,19.2,20.22,0.76,+3.91%,205200,0
08/08/2002,19.45,19.65,19.35,19.46,-0.14,-0.71%,110200,0
08/07/2002,19.7,19.92,19.32,19.6,-0.03,-0.15%,102900,0
08/06/2002,19.28,20,19.16,19.63,0.63,+3.32%,130800,0
08/05/2002,19.45,19.53,19,19,-0.53,-2.71%,198800,0
08/02/2002,19.6,19.7,19.42,19.53,-0.13,-0.66%,129900,0
08/01/2002,19.8,19.8,19.52,19.66,-0.24,-1.21%,127600,0
07/31/2002,19.4,19.96,19.36,19.9,0.4,+2.05%,260400,0
07/30/2002,19.4,19.54,19.21,19.5,-0.03,-0.15%,121500,0
07/29/2002,19.52,19.68,19.14,19.53,0.53,+2.79%,93400,0
07/26/2002,18.45,19.1,18.45,19,0.57,+3.09%,112400,0
07/25/2002,18.29,18.7,17.9,18.43,0.09,+0.49%,152900,0
07/24/2002,17.12,18.36,16.62,18.34,1.05,+6.07%,60400,0
07/23/2002,17.11,17.48,17.11,17.29,0.2,+1.17%,40500,0
07/22/2002,17.79,17.82,16.93,17.09,-0.76,-4.26%,21600,0
07/19/2002,18.4,18.4,17.42,17.85,-0.27,-1.49%,71400,0
07/18/2002,18.39,18.7,17.95,18.12,-0.49,-2.63%,88400,0
07/17/2002,18.75,18.9,18.39,18.61,0.01,+0.05%,77700,0
07/16/2002,18.56,18.6,18.39,18.6,-0.05,-0.27%,71800,0
07/15/2002,18.9,19,18,18.65,-0.14,-0.75%,160800,0
07/12/2002,18.95,18.95,18.6,18.79,-0.1,-0.53%,61300,0
07/11/2002,19.33,19.48,18.7,18.89,-0.43,-2.23%,225700,0
07/10/2002,19.73,19.9,19,19.32,-0.4,-2.03%,162900,0
07/09/2002,20.13,20.13,19.5,19.72,-0.41,-2.04%,498800,0
07/08/2002,20.1,20.46,19.96,20.13,-0.02,-0.10%,119200,0
07/05/2002,20,20.35,20,20.15,0.04,+0.20%,55300,0
07/03/2002,20.2,20.2,19.1,20.11,-0.15,-0.74%,261300,0
07/02/2002,20.28,20.5,20.25,20.26,-0.01,-0.05%,382500,0
07/01/2002,20.25,20.57,20.2,20.27,0.07,+0.35%,212000,0
06/28/2002,20.65,21,20.2,20.2,-0.61,-2.93%,2246000,0
06/27/2002,20.92,21.94,20.44,20.81,-0.11,-0.53%,483000,0
06/26/2002,19.78,20.92,19.67,20.92,-0.01,-0.05%,271000,0
06/25/2002,21.05,21.3,20.73,20.93,-0.28,-1.32%,294600,0
06/24/2002,21.18,21.4,21,21.21,-0.29,-1.35%,218400,0
06/21/2002,21.64,21.84,21.2,21.5,0.06,+0.28%,137000,0
06/20/2002,21.55,21.99,21.3,21.44,-0.16,-0.74%,107100,0
06/19/2002,21.8,22.15,21.58,21.6,-0.25,-1.14%,147100,0
06/18/2002,21.94,22.13,21.6,21.85,-0.09,-0.41%,111000,0
06/17/2002,21.52,22.18,21.52,21.94,0.42,+1.95%,149600,0
06/14/2002,20.45,21.6,20,21.52,0.92,+4.47%,199000,0
06/13/2002,21.15,21.16,20.44,20.6,-0.73,-3.42%,120300,0
06/12/2002,21.1,21.49,20.9,21.33,0.02,+0.09%,163300,0
06/11/2002,21.55,21.85,21.31,21.31,-0.39,-1.80%,122600,0
06/10/2002,21.6,21.7,21.45,21.7,-0.02,-0.09%,121400,0
06/07/2002,21.2,21.95,21.2,21.72,0.41,+1.92%,174700,0
06/06/2002,21.3,21.55,21.18,21.31,-0.19,-0.88%,194900,0
06/05/2002,21.55,21.65,21.39,21.5,-0.2,-0.92%,163100,0
06/04/2002,21.57,21.91,21.3,21.7,0.13,+0.60%,220800,0
06/03/2002,21.81,22.03,21.5,21.57,-0.23,-1.06%,156600,0
05/31/2002,21.95,22.21,21.8,21.8,0.01,+0.05%,339900,0
05/30/2002,21.5,21.9,21.4,21.79,0.25,+1.16%,112600,0
05/29/2002,21.85,21.95,21.2,21.54,-0.46,-2.09%,97700,0
05/28/2002,21.9,22.03,21.75,22,0.1,+0.46%,102600,0
05/24/2002,21.8,22.1,21.75,21.9,0,0.00%,302700,0
05/23/2002,21.24,21.9,21.1,21.9,0.66,+3.11%,204300,0
05/22/2002,21.22,21.28,20.85,21.24,0,0.00%,96700,0
05/21/2002,21.5,21.56,21.2,21.24,-0.04,-0.19%,127300,0
05/20/2002,21.57,21.73,21.27,21.28,-0.45,-2.07%,104600,0
05/17/2002,21.48,21.8,21.47,21.73,0.33,+1.54%,165900,0
05/16/2002,21.9,21.94,21.35,21.4,-0.53,-2.42%,118600,0
05/15/2002,21.66,21.94,21.65,21.93,0.14,+0.64%,115800,0
05/14/2002,21.74,21.98,21.55,21.79,0.05,+0.23%,118000,0
05/13/2002,21.48,21.74,21.44,21.74,0.73,+3.47%,103500,0
05/10/2002,21.45,21.45,20.72,21.01,-0.38,-1.78%,180800,0
05/09/2002,21.8,21.8,21.26,21.39,-0.45,-2.06%,167700,0
05/08/2002,21.85,21.95,21.58,21.84,0.22,+1.02%,150400,0
05/07/2002,21.5,21.63,21.17,21.62,0.12,+0.56%,115300,0
05/06/2002,21.99,22,21.37,21.5,-0.49,-2.23%,124400,0
05/03/2002,21.8,22,21.5,21.99,0.19,+0.87%,95700,0
05/02/2002,21.6,22,21.38,21.8,0.1,+0.46%,189500,0
05/01/2002,21.9,21.9,21.35,21.7,-0.2,-0.91%,209600,0
04/30/2002,20.76,21.9,20.75,21.9,1.15,+5.54%,240300,0
04/29/2002,20.97,21.1,20.75,20.75,-0.21,-1.00%,117600,0
04/26/2002,20.7,20.99,20.31,20.96,0.04,+0.19%,154800,0
04/25/2002,20.6,20.92,20.5,20.92,0.33,+1.60%,144600,0
04/24/2002,20.88,21,20.49,20.59,-0.28,-1.34%,76500,0
04/23/2002,20.85,21,20.62,20.87,-0.06,-0.29%,65300,0
04/22/2002,20.7,20.97,20.25,20.93,0.2,+0.96%,77600,0
04/19/2002,20.85,21.1,20.4,20.73,-0.21,-1.00%,98900,0
04/18/2002,21.15,21.15,20.54,20.94,0.19,+0.92%,68100,0
04/17/2002,21.2,21.25,20.75,20.75,-0.35,-1.66%,100100,0
04/16/2002,20.74,21.1,20.45,21.1,0.45,+2.18%,134200,0
04/15/2002,20.55,20.72,20.15,20.65,0.15,+0.73%,77900,0
04/12/2002,20.05,20.53,19.8,20.5,0.4,+1.99%,161900,0
04/11/2002,20.52,20.52,20.06,20.1,-0.41,-2.00%,90600,0
04/10/2002,19.91,20.7,19.91,20.51,0.57,+2.86%,195500,0
04/09/2002,19.6,19.98,19.55,19.94,0.12,+0.61%,116300,0
04/08/2002,19.6,19.82,19.37,19.82,0.11,+0.56%,67100,0
04/05/2002,19.9,19.9,19.68,19.71,-0.12,-0.61%,67900,0
04/04/2002,19.78,19.95,19.64,19.83,0.08,+0.41%,46900,0
04/03/2002,19.5,19.85,19.39,19.75,0,0.00%,61000,0
04/02/2002,19.95,20,19.75,19.75,0.15,+0.77%,145400,0
04/01/2002,19.65,19.65,19.38,19.6,-0.12,-0.61%,123200,0
03/28/2002,19.95,19.95,19.55,19.72,-0.21,-1.05%,79700,0
03/27/2002,19.9,20,19.82,19.93,0.03,+0.15%,101900,0
03/26/2002,19.85,19.97,19.77,19.9,0.1,+0.51%,62900,0
03/25/2002,19.8,19.95,19.74,19.8,0.16,+0.81%,171700,0
03/22/2002,19.95,19.96,19.5,19.64,-0.28,-1.41%,135600,0
03/21/2002,19.72,19.98,19.72,19.92,0.21,+1.07%,134500,0
03/20/2002,19.92,19.94,19.7,19.71,-0.21,-1.05%,61000,0
03/19/2002,19.85,19.94,19.79,19.92,0.1,+0.50%,80600,0
03/18/2002,19.8,19.9,19.7,19.82,0.05,+0.25%,74300,0
03/15/2002,19.5,19.86,19.5,19.77,0.15,+0.76%,128500,0
03/14/2002,19.25,19.79,19.25,19.62,0.29,+1.50%,93500,0
03/13/2002,19.33,19.66,19.29,19.33,-0.15,-0.77%,85400,0
03/12/2002,19.33,19.51,19.26,19.48,-0.03,-0.15%,27800,0
03/11/2002,19.4,19.55,19.15,19.51,0.22,+1.14%,54800,0
03/08/2002,19.15,19.35,18.9,19.29,-0.01,-0.05%,63600,0
03/07/2002,19.2,19.47,19.18,19.3,-0.15,-0.77%,77900,0
03/06/2002,19.2,19.5,19.1,19.45,0.35,+1.83%,101300,0
03/05/2002,19.15,19.24,18.87,19.1,-0.05,-0.26%,137000,0
03/04/2002,18.95,19.24,18.92,19.15,0.27,+1.43%,198700,0
03/01/2002,18.55,18.88,18.42,18.88,0.38,+2.05%,76300,0
02/28/2002,18.8,18.9,18.5,18.5,-0.2,-1.07%,55200,0
02/27/2002,18.7,18.9,18.6,18.7,0,0.00%,39300,0
02/26/2002,18.65,18.75,18.5,18.7,0.1,+0.54%,54000,0
02/25/2002,18.54,18.66,18.4,18.6,0.08,+0.43%,91200,0
02/22/2002,18.25,18.55,18.15,18.52,0.17,+0.93%,99300,0
02/21/2002,18.3,18.45,18.24,18.35,-0.05,-0.27%,123200,0
02/20/2002,17.85,18.48,17.85,18.4,0.49,+2.74%,189200,0
02/19/2002,18.5,18.65,17.91,17.91,-0.59,-3.19%,97400,0
02/15/2002,18.55,18.68,18.4,18.5,-0.1,-0.54%,109800,0
02/14/2002,18.84,18.88,18.6,18.6,-0.19,-1.01%,88000,0
02/13/2002,18.5,18.79,18.47,18.79,0.18,+0.97%,81700,0
02/12/2002,18.4,18.61,18.22,18.61,-0.03,-0.16%,81700,0
02/11/2002,18.49,18.74,18.4,18.64,0.14,+0.76%,46400,0
02/08/2002,18.26,18.5,18.25,18.5,0.22,+1.20%,70200,0
02/07/2002,18.1,18.33,18.05,18.28,0.28,+1.56%,129200,0
02/06/2002,18.05,18.25,17.93,18,-0.15,-0.83%,105800,0
02/05/2002,17.99,18.28,17.9,18.15,0.17,+0.95%,77900,0
02/04/2002,18.15,18.35,17.84,17.98,-0.17,-0.94%,138200,0
02/01/2002,18.36,18.5,18.14,18.15,-0.11,-0.60%,185700,0
01/31/2002,18.2,18.45,17.97,18.26,0.16,+0.88%,182100,0
01/30/2002,17.8,18.1,17.6,18.1,0.26,+1.46%,99500,0
01/29/2002,18,18.24,17.65,17.84,-0.21,-1.16%,133500,0
01/28/2002,17.85,18.15,17.85,18.05,0.08,+0.45%,83200,0
01/25/2002,17.4,18.05,17.21,17.97,0.62,+3.57%,237500,0
01/24/2002,17,17.48,17,17.35,0.1,+0.58%,88900,0
01/23/2002,17.4,17.5,17.2,17.25,-0.07,-0.40%,124800,0
01/22/2002,17.25,17.49,17.25,17.32,0.16,+0.93%,67000,0
01/18/2002,16.95,17.41,16.95,17.16,0.17,+1.00%,182500,0
01/17/2002,16.91,17,16.91,16.99,0.08,+0.47%,66000,0
01/16/2002,16.97,16.99,16.76,16.91,-0.06,-0.35%,97000,0
01/15/2002,16.7,16.97,16.7,16.97,0.27,+1.62%,32400,0
01/14/2002,16.75,17,16.6,16.7,-0.01,-0.06%,116400,0
01/11/2002,16.7,16.9,16.6,16.71,0.06,+0.36%,39100,0
01/10/2002,16.8,16.88,16.55,16.65,0.1,+0.60%,24400,0
01/09/2002,16.9,16.97,16.5,16.55,-0.25,-1.49%,53500,0
01/08/2002,16.35,16.8,16.35,16.8,0.34,+2.07%,90700,0
01/07/2002,16.8,16.95,16.45,16.46,-0.44,-2.60%,73500,0
01/04/2002,16.92,16.99,16.75,16.9,-0.02,-0.12%,53300,0
01/03/2002,16.4,16.92,16.4,16.92,0.62,+3.80%,67200,0
01/02/2002,16.55,16.64,15.9,16.3,-0.3,-1.81%,107900,0
12/31/2001,16.9,16.9,16.33,16.6,-0.38,-2.24%,75300,0
12/28/2001,16.85,17,16.8,16.98,0.08,+0.47%,44000,0
12/27/2001,16.9,17,16.8,16.9,-0.08,-0.47%,72900,0
12/26/2001,16.91,16.98,16.9,16.98,0.01,+0.06%,35300,0
12/24/2001,16.89,16.99,16.88,16.97,0.08,+0.47%,23400,0
12/21/2001,16.52,16.89,16.27,16.89,0.39,+2.36%,216000,0
12/20/2001,16.32,16.7,16.31,16.5,-0.17,-1.02%,40100,0
12/19/2001,16.7,16.9,16.6,16.67,-0.21,-1.24%,94600,0
12/18/2001,16.65,16.95,16.6,16.88,0.17,+1.02%,92400,0
12/17/2001,16.2,16.8,16.2,16.71,0.49,+3.02%,111200,0
12/14/2001,15.77,16.22,15.54,16.22,0.35,+2.21%,56000,0
12/13/2001,16.1,16.25,15.87,15.87,-0.23,-1.43%,45800,0
12/12/2001,16.05,16.1,15.8,16.1,-0.13,-0.80%,44000,0
12/11/2001,16.1,16.41,16.1,16.23,0.23,+1.44%,26700,0
12/10/2001,16.09,16.3,15.87,16,-0.1,-0.62%,46500,0
12/07/2001,16.12,16.35,16.01,16.1,0.05,+0.31%,44400,0
12/06/2001,16.15,16.35,16,16.05,-0.01,-0.06%,52600,0
12/05/2001,15.9,16.15,15.9,16.06,0.13,+0.82%,55700,0
12/04/2001,15.15,16,15.15,15.93,0.71,+4.66%,71600,0
12/03/2001,15.35,15.55,15.11,15.22,-0.22,-1.42%,88200,0
11/30/2001,16,16.04,15.44,15.44,-0.56,-3.50%,95400,0
11/29/2001,15.5,16,15.4,16,0.4,+2.56%,69200,0
11/28/2001,15.8,15.85,15.38,15.6,-0.15,-0.95%,63200,0
11/27/2001,15.6,15.75,15.5,15.75,0.17,+1.09%,40400,0
11/26/2001,15.7,15.8,15.42,15.58,-0.11,-0.70%,77800,0
11/23/2001,15.4,15.75,15.4,15.69,0.33,+2.15%,37200,0
11/21/2001,15.41,15.41,15.29,15.36,-0.07,-0.45%,32600,0
11/20/2001,15.7,15.75,15.2,15.43,-0.27,-1.72%,58800,0
11/19/2001,15.6,15.71,15.55,15.7,0.08,+0.51%,38300,0
11/16/2001,15.38,15.68,15.38,15.62,0.24,+1.56%,24400,0
11/15/2001,15.3,15.85,15.3,15.38,-0.15,-0.97%,32700,0
11/14/2001,15.5,15.75,15.5,15.53,-0.01,-0.06%,33100,0
11/13/2001,15.3,15.55,15.2,15.54,0.34,+2.24%,53400,0
11/12/2001,15,15.32,15,15.2,0.08,+0.53%,31400,0
11/09/2001,15.3,15.3,14.92,15.12,-0.25,-1.63%,80700,0
11/08/2001,15.5,15.69,15.05,15.37,0.01,+0.07%,65000,0
11/07/2001,15.7,15.89,15.1,15.36,-0.49,-3.09%,73300,0
11/06/2001,15.1,15.85,15.1,15.85,0.8,+5.32%,52500,0
11/05/2001,14.95,15.2,14.95,15.05,0.18,+1.21%,39700,0
11/02/2001,15.5,15.5,14.75,14.87,-0.63,-4.06%,70700,0
11/01/2001,15.2,15.5,15.05,15.5,0.2,+1.31%,63100,0
10/31/2001,14.96,15.45,14.96,15.3,0.34,+2.27%,80700,0
10/30/2001,14.25,15.1,14.25,14.96,0.61,+4.25%,79200,0
10/29/2001,15,15.04,14.35,14.35,-0.79,-5.22%,102200,0
10/26/2001,14.99,15.24,14.96,15.14,0.15,+1.00%,43300,0
10/25/2001,15,15.04,14.63,14.99,-0.04,-0.27%,75100,0
10/24/2001,14.95,15.03,14.75,15.03,0.13,+0.87%,32400,0
10/23/2001,15.28,15.28,14.9,14.9,-0.39,-2.55%,91800,0
10/22/2001,15.06,15.38,15,15.29,0.23,+1.53%,67200,0
10/19/2001,15.25,15.32,14.8,15.06,-0.11,-0.73%,87000,0
10/18/2001,15.4,15.4,14.94,15.17,0.08,+0.53%,85400,0
10/17/2001,15.55,15.64,15.09,15.09,-0.46,-2.96%,61000,0
10/16/2001,15.2,15.69,15.07,15.55,0.31,+2.03%,63000,0
10/15/2001,15.5,15.56,15.1,15.24,-0.13,-0.85%,59800,0
10/12/2001,15.55,15.55,15.25,15.37,-0.28,-1.79%,21500,0
10/11/2001,15.65,15.75,15.36,15.65,-0.05,-0.32%,38500,0
10/10/2001,14.95,15.7,14.8,15.7,0.85,+5.72%,85600,0
10/09/2001,15.28,15.3,14.85,14.85,-0.4,-2.62%,35500,0
10/08/2001,15.7,15.7,15.02,15.25,-0.45,-2.87%,35700,0
10/05/2001,15.5,15.78,15.1,15.7,0.1,+0.64%,53400,0
10/04/2001,15.75,15.95,15,15.6,-0.14,-0.89%,126600,0
10/03/2001,15.88,16,15.4,15.74,-0.12,-0.76%,72500,0
10/02/2001,15.95,16.1,15.2,15.86,0.09,+0.57%,86200,0
10/01/2001,15.5,15.77,14.7,15.77,0.37,+2.40%,56700,0
09/28/2001,15.99,16,15.3,15.4,-0.49,-3.08%,92600,0
09/27/2001,15.41,15.9,15.11,15.89,0.49,+3.18%,64000,0
09/26/2001,15.5,15.75,15.3,15.4,-0.07,-0.45%,74400,0
09/25/2001,15.26,15.72,15.25,15.47,0.46,+3.06%,90300,0
09/24/2001,14.6,15.2,14.4,15.01,0.41,+2.81%,89100,0
09/21/2001,14.5,14.6,13.45,14.6,-0.21,-1.42%,174600,0
09/20/2001,14.9,14.9,14.74,14.81,-0.24,-1.59%,74000,0
09/19/2001,15.25,15.3,14.43,15.05,0.15,+1.01%,108000,0
09/18/2001,14.8,15,14.5,14.9,0.4,+2.76%,78700,0
09/17/2001,15.56,15.95,14.5,14.5,-1.2,-7.64%,125200,0
09/10/2001,15.26,15.75,15.25,15.7,0.42,+2.75%,109800,0
09/07/2001,15.8,15.8,15.28,15.28,-0.52,-3.29%,36000,0
09/06/2001,15.93,15.94,15.8,15.8,-0.13,-0.82%,43700,0
09/05/2001,15.89,16.3,15.89,15.93,0.04,+0.25%,50600,0
09/04/2001,16.35,16.5,15.89,15.89,-0.32,-1.97%,60300,0
08/31/2001,15.86,16.42,15.81,16.21,0.36,+2.27%,62400,0
08/30/2001,15.9,16.1,15.81,15.85,-0.17,-1.06%,53400,0
08/29/2001,15.7,16.45,15.66,16.02,0.19,+1.20%,69200,0
08/28/2001,16.5,16.5,15.82,15.83,-0.42,-2.58%,44800,0
08/27/2001,16.63,16.75,16.2,16.25,-0.38,-2.29%,82100,0
08/24/2001,16.35,16.75,16.35,16.63,0.28,+1.71%,56900,0
08/23/2001,16.5,16.8,16.3,16.35,-0.15,-0.91%,552900,0
08/22/2001,16.05,16.5,16.01,16.5,0.45,+2.80%,75100,0
08/21/2001,16.35,16.42,16.05,16.05,-0.36,-2.19%,121700,0
08/20/2001,16.45,16.75,16.2,16.41,0.01,+0.06%,139100,0
08/17/2001,16.6,16.6,16.34,16.4,-0.22,-1.32%,43200,0
08/16/2001,16.8,16.92,16.6,16.62,-0.19,-1.13%,106300,0
08/15/2001,16.5,16.84,16.5,16.81,0.22,+1.33%,35300,0
08/14/2001,16.45,16.95,16.4,16.59,-0.06,-0.36%,135600,0
08/13/2001,16.48,16.9,16.48,16.65,0.15,+0.91%,45000,0
08/10/2001,16.31,16.87,16.15,16.5,0.25,+1.54%,100100,0
08/09/2001,15.88,16.25,15.88,16.25,0.47,+2.98%,37800,0
08/08/2001,16.2,16.48,15.75,15.78,-0.37,-2.29%,48300,0
08/07/2001,16.15,16.3,16.02,16.15,0.15,+0.94%,40200,0
08/06/2001,16.1,16.3,15.9,16,-0.12,-0.74%,31400,0
08/03/2001,16.05,16.5,16.05,16.12,-0.06,-0.37%,54000,0
08/02/2001,16.05,16.3,16.05,16.18,0.03,+0.19%,44600,0
08/01/2001,16.1,16.29,15.9,16.15,0.05,+0.31%,46200,0
07/31/2001,15.95,16.25,15.94,16.1,0.2,+1.26%,73800,0
07/30/2001,16.04,16.04,15.8,15.9,-0.15,-0.93%,62800,0
07/27/2001,16.1,16.3,16.05,16.05,-0.23,-1.41%,34800,0
07/26/2001,15.8,16.28,15.64,16.28,0.47,+2.97%,104900,0
07/25/2001,15.02,15.83,15.01,15.81,0.79,+5.26%,68200,0
07/24/2001,14.9,15.19,14.79,15.02,0.22,+1.49%,44000,0
07/23/2001,15.3,15.5,14.6,14.8,-0.7,-4.52%,118300,0
07/20/2001,15.73,15.79,15.5,15.5,-0.23,-1.46%,52100,0
07/19/2001,15.7,16.1,15.64,15.73,0.08,+0.51%,54000,0
07/18/2001,15.99,15.99,15.39,15.65,-0.34,-2.13%,62800,0
07/17/2001,15.4,15.99,15.31,15.99,0.69,+4.51%,42100,0
07/16/2001,16,16.1,15.3,15.3,-0.67,-4.20%,35800,0
07/13/2001,15.9,16.1,15.8,15.97,-0.03,-0.19%,28000,0
07/12/2001,15.7,16.15,15.62,16,0.35,+2.24%,75300,0
07/11/2001,15.5,15.8,15.16,15.65,0.15,+0.97%,100600,0
07/10/2001,16.77,16.78,15.25,15.5,-1.3,-7.74%,88000,0
07/09/2001,16.15,16.81,16.1,16.8,0.65,+4.02%,136000,0
07/06/2001,16.05,16.36,16,16.15,0.1,+0.62%,42000,0
07/05/2001,16.65,16.66,16.03,16.05,-0.65,-3.89%,61300,0
07/03/2001,16.85,16.85,16.5,16.7,-0.16,-0.95%,68800,0
07/02/2001,16.8,16.97,16.51,16.86,-0.14,-0.82%,153700,0
06/29/2001,16.24,17,16.15,17,0.75,+4.62%,251900,0
06/28/2001,15.98,16.25,15.7,16.25,0.37,+2.33%,78600,0
06/27/2001,16.05,16.1,15.69,15.88,-0.17,-1.06%,52500,0
06/26/2001,16.2,16.3,15.6,16.05,-0.12,-0.74%,133600,0
06/25/2001,15.7,16.48,15.53,16.17,0.57,+3.65%,423800,0
06/22/2001,15.55,15.68,15.15,15.6,-0.13,-0.83%,139200,0
06/21/2001,15.65,15.8,15.65,15.73,-0.02,-0.13%,128000,0
06/20/2001,15.59,15.75,15.35,15.75,0.16,+1.03%,105700,0
06/19/2001,15.6,15.7,15.53,15.59,0.09,+0.58%,34600,0
06/18/2001,15.63,15.75,15.45,15.5,-0.1,-0.64%,45500,0
06/15/2001,15.41,15.75,15.41,15.6,0.19,+1.23%,108200,0
06/14/2001,15.45,15.72,15.38,15.41,-0.1,-0.64%,53100,0
06/13/2001,15.6,15.87,15.51,15.51,-0.19,-1.21%,36900,0
06/12/2001,15.6,15.75,15.44,15.7,0.2,+1.29%,100900,0
06/11/2001,15.49,15.65,15.49,15.5,0.05,+0.32%,72400,0
06/08/2001,15.3,15.49,15.3,15.45,0.1,+0.65%,47000,0
06/07/2001,15.19,15.4,15.1,15.35,0.16,+1.05%,109500,0
06/06/2001,15.3,15.3,15.1,15.19,-0.06,-0.39%,60800,0
06/05/2001,15.35,15.5,14.91,15.25,-0.13,-0.85%,124100,0
06/04/2001,15.1,15.46,15,15.38,0.18,+1.18%,40700,0
06/01/2001,14.56,15.49,14.56,15.2,0.64,+4.40%,82700,0
05/31/2001,14.85,15.35,14.56,14.56,-0.34,-2.28%,53000,0
05/30/2001,14.85,15.1,14.8,14.9,0,0.00%,31600,0
05/29/2001,15.15,15.3,14.9,14.9,-0.04,-0.27%,71600,0
05/25/2001,15.37,15.4,14.9,14.94,-0.43,-2.80%,85200,0
05/24/2001,15.12,15.37,14.75,15.37,0.27,+1.79%,81300,0
05/23/2001,15.22,15.25,15.08,15.1,-0.12,-0.79%,37400,0
05/22/2001,15,15.25,15,15.22,0.22,+1.47%,71400,0
05/21/2001,14.45,15.1,14.45,15,0.55,+3.81%,106200,0
05/18/2001,14.45,14.75,14.29,14.45,-0.15,-1.03%,166100,0
05/17/2001,14.49,14.65,14.35,14.6,0.15,+1.04%,65200,0
05/16/2001,14.72,14.72,14.42,14.45,-0.27,-1.83%,208900,0
05/15/2001,14.9,14.9,14.65,14.72,-0.18,-1.21%,109300,0
05/14/2001,14.88,14.9,14.6,14.9,-0.08,-0.53%,80600,0
05/11/2001,14.95,14.98,14.9,14.98,0.03,+0.20%,57000,0
05/10/2001,14.75,15,14.55,14.95,0.4,+2.75%,293800,0
05/09/2001,14.8,14.8,14.5,14.55,-0.2,-1.36%,59100,0
05/08/2001,14.35,14.75,14.29,14.75,0.3,+2.08%,73900,0
05/07/2001,14.69,14.9,14.4,14.45,-0.25,-1.70%,86300,0
05/04/2001,14.77,14.77,14.4,14.7,-0.07,-0.47%,110500,0
05/03/2001,14.8,14.9,14.72,14.77,0.07,+0.48%,84900,0
05/02/2001,14.98,14.98,14.5,14.7,-0.28,-1.87%,112300,0
05/01/2001,14.7,14.98,14.7,14.98,0.19,+1.28%,108600,0
04/30/2001,14.84,14.98,14.68,14.79,-0.05,-0.34%,60000,0
04/27/2001,14.67,14.98,14.67,14.84,0.19,+1.30%,84200,0
04/26/2001,14.56,15,14.56,14.65,0.12,+0.83%,40000,0
04/25/2001,14.3,14.62,14.3,14.53,0.18,+1.25%,73100,0
04/24/2001,14.2,14.35,14.1,14.35,0.15,+1.06%,89400,0
04/23/2001,14.2,14.3,14.2,14.2,0,0.00%,46800,0
04/20/2001,14.1,14.37,14.1,14.2,0,0.00%,97100,0
04/19/2001,14.06,14.3,14,14.2,0,0.00%,79300,0
04/18/2001,14.55,14.75,14.15,14.2,-0.4,-2.74%,146100,0
04/17/2001,14.3,14.6,14.25,14.6,0.35,+2.46%,42900,0
04/16/2001,14.3,14.4,14.25,14.25,-0.15,-1.04%,37400,0
04/12/2001,14.55,14.55,14.23,14.4,-0.1,-0.69%,26000,0
04/11/2001,14.55,14.65,14.4,14.5,-0.05,-0.34%,23600,0
04/10/2001,14.48,14.75,14.45,14.55,-0.03,-0.21%,45000,0
04/09/2001,14.3,14.59,14.2,14.58,0.33,+2.32%,41200,0
04/06/2001,14.54,14.55,14.15,14.25,-0.34,-2.33%,29400,0
04/05/2001,14.48,14.59,14.35,14.59,0.14,+0.97%,73200,0
04/04/2001,14.5,14.55,14.4,14.45,-0.15,-1.03%,51200,0
04/03/2001,14.45,14.65,14.44,14.6,0.1,+0.69%,59200,0
04/02/2001,14.7,14.75,14.21,14.5,-0.25,-1.69%,66600,0
03/30/2001,14.2,14.75,14,14.75,0.62,+4.39%,222800,0
03/29/2001,14.15,14.15,14.1,14.13,-0.03,-0.21%,66600,0
03/28/2001,14.32,14.32,14.1,14.16,-0.16,-1.12%,82800,0
03/27/2001,14.2,14.32,14.07,14.32,0.17,+1.20%,93000,0
03/26/2001,14.7,14.75,14.07,14.15,-0.5,-3.41%,86200,0
03/23/2001,14.25,14.65,14.18,14.65,0.38,+2.66%,74700,0
03/22/2001,14.06,14.34,14.06,14.27,0.21,+1.49%,116700,0
03/21/2001,14,14.18,13.95,14.06,0.06,+0.43%,85300,0
03/20/2001,14.41,14.54,13.95,14,-0.51,-3.51%,75600,0
03/19/2001,14.05,14.51,14.05,14.51,0.47,+3.35%,68100,0
03/16/2001,14.3,14.35,14.04,14.04,-0.02,-0.14%,97600,0
03/15/2001,14.15,14.55,14.05,14.06,-0.09,-0.64%,65500,0
03/14/2001,14.17,14.8,14,14.15,-0.27,-1.87%,83100,0
03/13/2001,13.92,14.42,13.92,14.42,0.36,+2.56%,76800,0
03/12/2001,14.2,14.62,14.06,14.06,-0.14,-0.99%,82900,0
03/09/2001,14.52,14.52,14.1,14.2,-0.3,-2.07%,62200,0
03/08/2001,14.6,14.91,14.49,14.5,-0.15,-1.02%,49400,0
03/07/2001,14.5,14.65,14.3,14.65,0.06,+0.41%,29800,0
03/06/2001,14.66,14.66,14.44,14.59,0.03,+0.21%,37500,0
03/05/2001,14.6,14.75,14.53,14.56,-0.04,-0.27%,47800,0
03/02/2001,14.1,14.65,14.1,14.6,0.46,+3.25%,35200,0
03/01/2001,13.75,14.2,13.75,14.14,0.49,+3.59%,106600,0
02/28/2001,14.45,14.45,13.38,13.65,-0.75,-5.21%,265500,0
02/27/2001,14.8,14.8,14.06,14.4,-0.5,-3.36%,134200,0
02/26/2001,14,14.9,14,14.9,0.91,+6.50%,72700,0
02/23/2001,13.61,14,13.61,13.99,0.42,+3.10%,157300,0
02/22/2001,13.6,13.6,13.54,13.57,-0.03,-0.22%,85500,0
02/21/2001,13.6,13.72,13.25,13.6,-0.05,-0.37%,52200,0
02/20/2001,13.85,13.91,13.65,13.65,-0.16,-1.16%,51900,0
02/16/2001,14.1,14.13,13.8,13.81,-0.49,-3.43%,43700,0
02/15/2001,13.99,14.3,13.8,14.3,0.31,+2.22%,161900,0
02/14/2001,13.67,13.99,13.6,13.99,0.29,+2.12%,46300,0
02/13/2001,13.57,13.75,13.37,13.7,0.15,+1.11%,54400,0
02/12/2001,13.27,13.69,13.25,13.55,0.38,+2.89%,52900,0
02/09/2001,13.5,13.5,13.15,13.17,-0.23,-1.72%,44000,0
02/08/2001,13.6,13.85,13.29,13.4,-0.2,-1.47%,33500,0
02/07/2001,13.6,14.01,13.6,13.6,0.02,+0.15%,51500,0
02/06/2001,13.58,13.58,13.45,13.58,-0.1,-0.73%,43600,0
02/05/2001,13.56,13.8,13.46,13.68,0.14,+1.03%,14800,0
02/02/2001,14,14.04,13.51,13.54,-0.48,-3.42%,28400,0
02/01/2001,13.5,14.25,13.5,14.02,0.42,+3.09%,51700,0
01/31/2001,13.95,13.98,13.6,13.6,-0.27,-1.95%,39700,0
01/30/2001,13.75,14,13.75,13.87,0.17,+1.24%,46500,0
01/29/2001,13.56,14.01,13.32,13.7,0.14,+1.03%,42700,0
01/26/2001,13.13,13.63,13.13,13.56,0.56,+4.31%,39500,0
01/25/2001,13.19,13.5,13,13,-0.31,-2.33%,59900,0
01/24/2001,13.75,13.94,13.31,13.31,-0.69,-4.93%,66600,0
01/23/2001,13.25,14,13.25,14,0.69,+5.18%,40600,0
01/22/2001,13,13.44,13,13.31,0.43,+3.34%,128300,0
01/19/2001,13.5,13.56,12.81,12.88,-0.75,-5.50%,89300,0
01/18/2001,13.56,13.81,13.5,13.63,0.07,+0.52%,41400,0
01/17/2001,13.5,14.06,13.38,13.56,0.18,+1.35%,188400,0
01/16/2001,14.5,14.81,13.38,13.38,-1.12,-7.72%,302400,0
01/12/2001,14.38,14.63,14.31,14.5,0.25,+1.75%,27200,0
01/11/2001,14.38,14.56,14,14.25,-0.31,-2.13%,46400,0
01/10/2001,14.13,14.69,14.06,14.56,0.25,+1.75%,70700,0
01/09/2001,14.44,14.81,14.31,14.31,-0.13,-0.90%,34200,0
01/08/2001,14.75,14.81,14.44,14.44,-0.37,-2.50%,32600,0
01/05/2001,15.5,15.5,14.5,14.81,-0.82,-5.25%,198400,0
01/04/2001,14,15.63,13.56,15.63,1.44,+10.15%,185800,0
01/03/2001,13.13,14.19,12.88,14.19,1.19,+9.15%,150900,0
01/02/2001,12.06,13,12.06,13,0.81,+6.64%,88300,0
12/29/2000,12.69,12.81,12.06,12.19,-0.69,-5.36%,107900,0
12/28/2000,12.38,13.06,12.38,12.88,0.32,+2.55%,143400,0
12/27/2000,12.13,12.56,12.13,12.56,0.43,+3.54%,62100,0
12/26/2000,12.19,12.25,11.88,12.13,0,0.00%,38500,0
12/22/2000,12,12.25,12,12.13,0.13,+1.08%,90800,0
12/21/2000,12,12.19,12,12,0,0.00%,56700,0
12/20/2000,12.13,12.25,12,12,-0.13,-1.07%,56600,0
12/19/2000,13.69,13.69,12.13,12.13,-1.68,-12.17%,235700,0
12/18/2000,13.19,13.81,12.88,13.81,0.75,+5.74%,85400,0
12/15/2000,12.69,13.06,12.25,13.06,0.37,+2.92%,67100,0
12/14/2000,12.44,12.88,12.25,12.69,0.19,+1.52%,50800,0
12/13/2000,12.38,12.75,12.25,12.5,-0.19,-1.50%,28100,0
12/12/2000,13,13.13,12.69,12.69,-0.12,-0.94%,31600,0
12/11/2000,12.94,13,12.56,12.81,-0.13,-1.00%,133400,0
12/08/2000,12.25,12.94,12.13,12.94,0.69,+5.63%,72600,0
12/07/2000,12,12.56,11.94,12.25,0.37,+3.11%,68200,0
12/06/2000,12.31,12.44,11.88,11.88,-0.5,-4.04%,54700,0
12/05/2000,11.88,12.5,11.88,12.38,0.5,+4.21%,48400,0
12/04/2000,12.31,12.31,11.88,11.88,-0.31,-2.54%,53700,0
12/01/2000,12,12.31,12,12.19,0,0.00%,35700,0
11/30/2000,12.13,12.25,12,12.19,0,0.00%,31300,0
11/29/2000,12,12.5,12,12.19,0.19,+1.58%,58500,0
11/28/2000,12.25,12.25,11.94,12,-0.31,-2.52%,37000,0
11/27/2000,12.94,13,12.31,12.31,-0.57,-4.43%,53700,0
11/24/2000,12.5,12.88,12.5,12.88,0.44,+3.54%,15000,0
11/22/2000,12.13,12.44,12.06,12.44,0.31,+2.56%,50000,0
11/21/2000,12.63,12.63,12.06,12.13,-0.5,-3.96%,39400,0
11/20/2000,12.69,12.94,12.5,12.63,-0.06,-0.47%,19800,0
11/17/2000,12.5,12.75,12.5,12.69,0.56,+4.62%,19800,0
11/16/2000,12.88,12.94,12.13,12.13,-0.62,-4.86%,18900,0
11/15/2000,12.75,12.75,12.56,12.75,-0.13,-1.01%,21700,0
11/14/2000,13.25,13.38,12.88,12.88,-0.31,-2.35%,37600,0
11/13/2000,13,13.25,12.94,13.19,0.19,+1.46%,26900,0
11/10/2000,13.31,13.31,13,13,-0.31,-2.33%,15600,0
11/09/2000,13.38,13.38,13,13.31,-0.19,-1.41%,38400,0
11/08/2000,13.38,13.63,13.25,13.5,0.12,+0.90%,33500,0
11/07/2000,13.13,13.38,13.06,13.38,0.25,+1.90%,26800,0
11/06/2000,13.56,13.56,12.88,13.13,-0.31,-2.31%,44000,0
11/03/2000,13.63,13.63,13.06,13.44,-0.06,-0.44%,27200,0
11/02/2000,13.13,13.5,13.13,13.5,0.44,+3.37%,37900,0
11/01/2000,13.06,13.63,13,13.06,0,0.00%,25800,0
10/31/2000,12.63,13.19,12.63,13.06,0.5,+3.98%,79500,0
10/30/2000,12.38,12.56,12.19,12.56,0.18,+1.45%,66100,0
10/27/2000,12.5,12.5,12.38,12.38,-0.25,-1.98%,20500,0
10/26/2000,12.38,12.63,12.25,12.63,0.19,+1.53%,23700,0
10/25/2000,12.44,12.75,12.38,12.44,-0.06,-0.48%,36100,0
10/24/2000,12.5,12.69,12.38,12.5,0.06,+0.48%,33500,0
10/23/2000,12.44,12.56,12.38,12.44,-0.06,-0.48%,36800,0
10/20/2000,12.63,12.88,12.38,12.5,0.12,+0.97%,30200,0
10/19/2000,12.44,12.75,12.31,12.38,0,0.00%,35300,0
10/18/2000,13.13,13.25,12,12.38,-0.62,-4.77%,110600,0
10/17/2000,14.06,14.06,13,13,-1.06,-7.54%,39700,0
10/16/2000,14.63,14.63,14.06,14.06,-0.5,-3.43%,19700,0
10/13/2000,14.13,14.56,14.13,14.56,0.37,+2.61%,62400,0
10/12/2000,14.25,14.25,14.19,14.19,-0.06,-0.42%,8100,0
10/11/2000,14.38,14.38,14.25,14.25,-0.06,-0.42%,47900,0
10/10/2000,14.5,14.5,14.25,14.31,-0.19,-1.31%,50300,0
10/09/2000,14.56,14.56,14.44,14.5,0.19,+1.33%,20600,0
10/06/2000,14.75,14.75,14.31,14.31,-0.32,-2.19%,43900,0
10/05/2000,14.75,14.88,14.5,14.63,-0.25,-1.68%,14100,0
10/04/2000,14.63,14.88,14.25,14.88,0.32,+2.20%,146200,0
10/03/2000,14.38,14.63,14.31,14.56,0.31,+2.18%,32600,0
10/02/2000,14.38,14.63,14.25,14.25,-0.13,-0.90%,49600,0
09/29/2000,14.56,14.88,14.38,14.38,-0.31,-2.11%,52900,0
09/28/2000,14.44,15,14.38,14.69,0.13,+0.89%,48500,0
09/27/2000,14.63,14.81,14.5,14.56,0.06,+0.41%,37200,0
09/26/2000,14.63,14.63,14.5,14.5,-0.25,-1.69%,20100,0
09/25/2000,15.13,15.31,14.5,14.75,-0.25,-1.67%,42900,0
09/22/2000,14.75,15.19,14.63,15,0.06,+0.40%,72500,0
09/21/2000,14.94,15.13,14.75,14.94,-0.06,-0.40%,29500,0
09/20/2000,15.06,15.13,14.88,15,-0.19,-1.25%,46000,0
09/19/2000,15.13,15.25,15.06,15.19,0.31,+2.08%,66400,0
09/18/2000,15.13,15.13,14.88,14.88,-0.25,-1.65%,52800,0
09/15/2000,14.81,15.25,14.81,15.13,0.07,+0.46%,103700,0
09/14/2000,14.63,15.25,14.63,15.06,0.37,+2.52%,116600,0
09/13/2000,14.56,14.69,14.31,14.69,0.06,+0.41%,58400,0
09/12/2000,14.56,14.69,14.5,14.63,0.13,+0.90%,45400,0
09/11/2000,14.06,14.5,14.06,14.5,0.5,+3.57%,74200,0
09/08/2000,14.75,14.75,13.94,14,-0.75,-5.08%,182200,0
09/07/2000,14.5,14.75,14.38,14.75,0.12,+0.82%,43700,0
09/06/2000,14.75,14.75,14.5,14.63,-0.06,-0.41%,41400,0
09/05/2000,14.69,14.75,14.5,14.69,0,0.00%,64000,0
09/01/2000,14.5,14.75,14.38,14.69,0.06,+0.41%,26500,0
08/31/2000,14.69,14.69,14.5,14.63,0,0.00%,53300,0
08/30/2000,14.5,14.63,14.38,14.63,0.13,+0.90%,28800,0
08/29/2000,14.56,14.56,14.44,14.5,-0.06,-0.41%,10000,0
08/28/2000,14.63,14.63,14.44,14.56,-0.13,-0.88%,13200,0
08/25/2000,14.88,14.88,14.56,14.69,-0.06,-0.41%,16700,0
08/24/2000,14.44,14.75,14.44,14.75,0.44,+3.07%,37400,0
08/23/2000,14.31,14.31,14.25,14.31,0,0.00%,43900,0
08/22/2000,14.56,14.56,14.25,14.31,-0.32,-2.19%,122500,0
08/21/2000,14.63,14.63,14.56,14.63,-0.12,-0.81%,13200,0
08/18/2000,14.81,14.81,14.75,14.75,-0.06,-0.41%,5000,0
08/17/2000,14.94,15.06,14.63,14.81,-0.19,-1.27%,16400,0
08/16/2000,15,15.13,14.94,15,-0.13,-0.86%,12700,0
08/15/2000,15.06,15.19,15,15.13,-0.06,-0.39%,9500,0
08/14/2000,15,15.19,14.88,15.19,0.19,+1.27%,47100,0
08/11/2000,15,15,14.75,15,0,0.00%,26400,0
08/10/2000,15,15.06,15,15,-0.06,-0.40%,7200,0
08/09/2000,15,15.13,14.94,15.06,0.06,+0.40%,52700,0
08/08/2000,15.13,15.19,14.94,15,-0.13,-0.86%,12900,0
08/07/2000,15.13,15.25,15,15.13,0,0.00%,26900,0
08/04/2000,14.94,15.13,14.94,15.13,0.07,+0.46%,56200,0
08/03/2000,14.94,15.13,14.94,15.06,0.06,+0.40%,11300,0
08/02/2000,15,15.06,15,15,0,0.00%,4800,0
08/01/2000,15.19,15.19,14.94,15,-0.19,-1.25%,12800,0
07/31/2000,14.94,15.19,14.88,15.19,0.19,+1.27%,36100,0
07/28/2000,14.81,15,14.56,15,0.31,+2.11%,64600,0
07/27/2000,15,15,14.69,14.69,-0.25,-1.67%,9300,0
07/26/2000,15,15,14.69,14.94,-0.06,-0.40%,17500,0
07/25/2000,15.06,15.06,14.63,15,0,0.00%,42100,0
07/24/2000,14.88,15.13,14.88,15,0.12,+0.81%,86300,0
07/21/2000,14.63,14.94,14.63,14.88,0.13,+0.88%,46500,0
07/20/2000,14.75,14.88,14.69,14.75,0,0.00%,12500,0
07/19/2000,14.75,14.81,14.69,14.75,-0.06,-0.41%,37500,0
07/18/2000,14.75,14.81,14.75,14.81,0,0.00%,31600,0
07/17/2000,14.94,14.94,14.75,14.81,-0.13,-0.87%,20200,0
07/14/2000,14.75,14.94,14.69,14.94,0.13,+0.88%,29400,0
07/13/2000,14.88,14.94,14.75,14.81,-0.07,-0.47%,60300,0
07/12/2000,14.69,14.88,14.63,14.88,0.25,+1.71%,30600,0
07/11/2000,14.88,14.94,14.63,14.63,-0.37,-2.47%,16200,0
07/10/2000,14.94,15,14.81,15,0.12,+0.81%,32900,0
07/07/2000,14.25,15.13,14.25,14.88,0.69,+4.86%,223300,0
07/06/2000,14.13,14.19,14,14.19,0.06,+0.42%,49400,0
07/05/2000,14.19,14.25,14.06,14.13,0.07,+0.50%,41300,0
07/03/2000,14,14.06,13.81,14.06,0,0.00%,35400,0
06/30/2000,14.31,14.38,14,14.06,-0.25,-1.75%,33000,0
06/29/2000,14.5,14.5,14.25,14.31,-0.32,-2.19%,12300,0
06/28/2000,14.44,14.63,14.38,14.63,0.32,+2.24%,23300,0
06/27/2000,14.5,14.63,14.31,14.31,-0.25,-1.72%,25000,0
06/26/2000,14.44,14.63,14.44,14.56,0.12,+0.83%,28700,0
06/23/2000,14.5,14.56,14.31,14.44,-0.06,-0.41%,167500,0
06/22/2000,14.69,14.75,14.5,14.5,-0.19,-1.29%,36200,0
06/21/2000,14.88,14.88,14.69,14.69,-0.19,-1.28%,15500,0
06/20/2000,14.81,15,14.75,14.88,0,0.00%,21600,0
06/19/2000,14.88,14.88,14.75,14.88,-0.06,-0.40%,19800,0
06/16/2000,15,15.06,14.94,14.94,-0.19,-1.26%,72800,0
06/15/2000,15.13,15.13,15,15.13,0,0.00%,58600,0
06/14/2000,15.19,15.25,15.13,15.13,-0.06,-0.39%,30600,0
06/13/2000,15.25,15.31,15.13,15.19,-0.12,-0.78%,47500,0
06/12/2000,15.13,15.38,15.06,15.31,0.18,+1.19%,125500,0
06/09/2000,15.06,15.19,15,15.13,0.07,+0.46%,18500,0
06/08/2000,15.13,15.13,14.88,15.06,-0.07,-0.46%,34700,0
06/07/2000,15,15.13,14.94,15.13,0.13,+0.87%,24400,0
06/06/2000,15,15.06,14.94,15,0.06,+0.40%,17100,0
06/05/2000,15.06,15.13,14.88,14.94,-0.19,-1.26%,28900,0
06/02/2000,15.31,15.56,15.06,15.13,-0.43,-2.76%,146600,0
06/01/2000,15.44,15.56,15.44,15.56,0.18,+1.17%,55500,0
05/31/2000,15.13,15.38,15.13,15.38,0.25,+1.65%,27100,0
05/30/2000,14.94,15.19,14.94,15.13,0.32,+2.16%,52400,0
05/26/2000,14.81,14.81,14.63,14.81,0.06,+0.41%,19900,0
05/25/2000,14.75,14.94,14.75,14.75,0,0.00%,47000,0
05/24/2000,14.5,14.81,14.5,14.75,0.19,+1.30%,41200,0
05/23/2000,14.69,14.75,14.5,14.56,-0.13,-0.88%,62900,0
05/22/2000,14.63,14.69,14.5,14.69,-0.06,-0.41%,75600,0
05/19/2000,14.81,14.81,14.75,14.75,0,0.00%,38200,0
05/18/2000,14.75,14.81,14.75,14.75,-0.06,-0.41%,38700,0
05/17/2000,14.75,14.88,14.69,14.81,-0.07,-0.47%,74700,0
05/16/2000,14.75,14.94,14.75,14.88,0.25,+1.71%,55400,0
05/15/2000,14.56,14.69,14.56,14.63,0.07,+0.48%,33300,0
05/12/2000,14.94,15,14.5,14.56,-0.38,-2.54%,97500,0
05/11/2000,14.63,14.94,14.63,14.94,0.31,+2.12%,63500,0
05/10/2000,14.63,14.69,14.5,14.63,0.07,+0.48%,56200,0
05/09/2000,14.69,14.75,14.5,14.56,-0.19,-1.29%,73300,0
05/08/2000,14.56,14.75,14.56,14.75,0.12,+0.82%,64100,0
05/05/2000,14.5,14.63,14.5,14.63,0.25,+1.74%,21700,0
05/04/2000,14.31,14.38,14.19,14.38,0.19,+1.34%,23800,0
05/03/2000,14.94,14.94,14.06,14.19,-0.69,-4.64%,77900,0
05/02/2000,15.06,15.06,14.88,14.88,-0.18,-1.20%,29500,0
05/01/2000,15.44,15.5,15,15.06,-0.38,-2.46%,112000,0
04/28/2000,15.25,15.5,15.13,15.44,0.13,+0.85%,126100,0
04/27/2000,15.06,15.31,14.94,15.31,0.12,+0.79%,56100,0
04/26/2000,15,15.19,15,15.19,0.13,+0.86%,100300,0
04/25/2000,15,15.06,15,15.06,0.06,+0.40%,18600,0
04/24/2000,15.31,15.38,15,15,-0.31,-2.02%,41100,0
04/20/2000,15.5,15.5,15.31,15.31,-0.13,-0.84%,60600,0
04/19/2000,15.44,15.5,15.44,15.44,-0.06,-0.39%,14200,0
04/18/2000,15.63,15.63,15.44,15.5,-0.25,-1.59%,20500,0
04/17/2000,15.75,16.38,15.44,15.75,-0.25,-1.56%,189500,0
04/14/2000,16.25,16.25,15.75,16,-0.25,-1.54%,27600,0
04/13/2000,16.19,16.31,16.13,16.25,0.06,+0.37%,20800,0
04/12/2000,16.25,16.38,16.19,16.19,-0.06,-0.37%,12800,0
04/11/2000,16.38,16.56,16.25,16.25,-0.13,-0.79%,30800,0
04/10/2000,16.88,16.88,16.38,16.38,-0.5,-2.96%,17500,0
04/07/2000,16.88,17,16.63,16.88,0.13,+0.78%,20600,0
04/06/2000,17.25,17.25,16.72,16.75,-0.38,-2.22%,27100,0
04/05/2000,16.5,17.13,16.38,17.13,0.5,+3.01%,25900,0
04/04/2000,16.31,16.75,16.31,16.63,0.19,+1.16%,69300,0
04/03/2000,16.38,16.5,16,16.44,0.06,+0.37%,40100,0
03/31/2000,16.13,16.38,16.06,16.38,0.38,+2.38%,45100,0
03/30/2000,15.69,16.13,15.69,16,0.44,+2.83%,37200,0
03/29/2000,15.75,15.81,15.56,15.56,-0.07,-0.45%,30700,0
03/28/2000,16,16,15.63,15.63,-0.25,-1.57%,31100,0
03/27/2000,16.13,16.13,15.75,15.88,-0.31,-1.91%,17000,0
03/24/2000,16.31,16.31,16.06,16.19,-0.12,-0.74%,11200,0
03/23/2000,16.31,16.38,16.25,16.31,0.06,+0.37%,20300,0
03/22/2000,16.19,16.31,16.19,16.25,0.19,+1.18%,17100,0
03/21/2000,16.25,16.25,15.94,16.06,-0.25,-1.53%,30000,0
03/20/2000,16.44,16.5,16.19,16.31,0.06,+0.37%,41300,0
03/17/2000,15.81,16.25,15.81,16.25,0.19,+1.18%,66200,0
03/16/2000,15.75,16.19,15.75,16.06,0.31,+1.97%,53300,0
03/15/2000,15.69,15.94,15.63,15.75,0.12,+0.77%,41300,0
03/14/2000,16.19,16.19,15.63,15.63,-0.43,-2.68%,52500,0
03/13/2000,16.19,16.31,16.06,16.06,-0.19,-1.17%,48900,0
03/10/2000,16.63,16.63,16.25,16.25,-0.38,-2.29%,56800,0
03/09/2000,16.5,16.63,16.38,16.63,0.25,+1.53%,97900,0
03/08/2000,16.19,16.38,16.06,16.38,0.38,+2.38%,70500,0
03/07/2000,15.88,16,15.81,16,0.06,+0.38%,60400,0
03/06/2000,16,16,15.75,15.94,-0.06,-0.38%,11600,0
03/03/2000,16.13,16.13,15.94,16,-0.13,-0.81%,44800,0
03/02/2000,16.25,16.25,16.13,16.13,-0.12,-0.74%,73400,0
03/01/2000,16.06,16.25,16,16.25,0.19,+1.18%,62100,0
02/29/2000,15.94,16.06,15.88,16.06,0.12,+0.75%,93300,0
02/28/2000,15.94,15.94,15.25,15.94,0,0.00%,43600,0
02/25/2000,16.06,16.06,15.75,15.94,-0.12,-0.75%,30300,0
02/24/2000,16,16.06,16,16.06,-0.07,-0.43%,21600,0
02/23/2000,16,16.13,16,16.13,0.25,+1.57%,36300,0
02/22/2000,15.81,15.94,15.5,15.88,-0.43,-2.64%,46600,0
02/18/2000,16.44,16.44,16.31,16.31,-0.07,-0.43%,71500,0
02/17/2000,16.06,16.38,15.94,16.38,0.13,+0.80%,49900,0
02/16/2000,16.06,16.25,16.06,16.25,0.19,+1.18%,34300,0
02/15/2000,15.94,16.13,15.94,16.06,0.12,+0.75%,27800,0
02/14/2000,15.81,15.94,15.75,15.94,0,0.00%,48300,0
02/11/2000,15.94,16.06,15.94,15.94,-0.06,-0.38%,27600,0
02/10/2000,16.19,16.19,16,16,-0.13,-0.81%,28000,0
02/09/2000,16,16.19,16,16.13,0,0.00%,30800,0
02/08/2000,16.13,16.25,16.13,16.13,0,0.00%,61100,0
02/07/2000,16,16.31,15.94,16.13,0.19,+1.19%,31700,0
02/04/2000,15.75,16,15.75,15.94,0.31,+1.98%,53000,0
02/03/2000,15.56,15.63,15.5,15.63,0.07,+0.45%,38400,0
02/02/2000,15.38,15.56,15.38,15.56,0.25,+1.63%,37700,0
02/01/2000,15.38,15.5,15.13,15.31,-0.07,-0.46%,70400,0
01/31/2000,15.75,15.75,15.25,15.38,-0.25,-1.60%,44400,0
01/28/2000,15.81,16,15.63,15.63,0,0.00%,32800,0
01/27/2000,16,16.06,15.63,15.63,-0.37,-2.31%,39200,0
01/26/2000,16,16,15.88,16,0.06,+0.38%,10400,0
01/25/2000,16,16.06,15.88,15.94,-0.12,-0.75%,41600,0
01/24/2000,16.06,16.19,15.81,16.06,-0.07,-0.43%,108100,0
01/21/2000,14.94,16.13,14.94,16.13,1,+6.61%,189400,0
01/20/2000,14.5,15.13,14.5,15.13,0.63,+4.34%,33300,0
01/19/2000,14.13,14.63,14.13,14.5,0.5,+3.57%,32600,0
01/18/2000,14.13,14.25,14,14,0,0.00%,52000,0
01/14/2000,14.44,14.63,14,14,-0.31,-2.17%,71000,0
01/13/2000,14.69,14.69,14.13,14.31,-0.25,-1.72%,70400,0
01/12/2000,15.19,15.38,14.5,14.56,-0.63,-4.15%,43800,0
01/11/2000,15.69,15.69,15.19,15.19,-0.56,-3.56%,56400,0
01/10/2000,16,16,15.69,15.75,-0.13,-0.82%,39900,0
01/07/2000,15.75,15.88,15.75,15.88,0.13,+0.83%,13400,0
01/06/2000,15.81,15.88,15.69,15.75,0.06,+0.38%,33300,0
01/05/2000,15.75,15.75,15.63,15.69,0,0.00%,36700,0
01/04/2000,15.81,15.88,15.56,15.69,-0.19,-1.20%,41400,0
01/03/2000,16.44,16.44,15.81,15.88,-0.43,-2.64%,35500,0
"Downloaded from Barchart.com as of 02-10-2023 09:13am CST"
